14.1778 8 GPS_INT 384208288 79186240 501239200 521389150 116457266 110100 63500 0 0 0 4 0 114024000 260 6 3 0
14.1797 8 VIRT_BARO 200 0.199219 0.199219 101325.000000
14.2286 8 IMU_GYRO_RAW 49 -5 18
14.2305 8 VERT_LOOP -7 0 -7 -12968 63 0 0 0 42860 26214 0 0 0 0 0
14.2344 8 GEO_MAG 0.355608 -0.023020 0.934352 4
14.2779 8 GPS 3 68105199 577979008 0 63500 7 0 0 114024000 32 0
14.2779 8 IMU_ACCEL_RAW -105 216 -2223
14.2793 8 ENERGY 12.300000 -6.796000 0 -83.590805
14.3282 8 INS -2516 514 -17 0 0 -32847 1375 876 -762
14.3301 8 HOVER_LOOP 0 0 -2516 514 0 0 -18 -345 0 0 0 0 0 0 0 0 0.000000
14.3770 8 ROTORCRAFT_FP 535 -2621 18 0 0 30703 86 -97 -1500 0 0 18 0 0 0
14.3789 8 IMU_MAG_RAW 254 326 462
14.3809 8 TUNE_VERT -24 -24 0 0
14.4278 8 GPS_INT 384208288 79186248 501239136 521389116 116457283 110100 63500 0 0 0 4 0 114024250 260 6 3 0
14.4297 8 VIRT_BARO 200 0.199219 0.199219 101322.609375
14.4766 8 IMU_ACCEL_RAW -91 46 -1916
14.4786 8 IMU_GYRO_RAW -32 35 -114
14.4805 8 VERT_LOOP -31 0 -31 -54398 639 0 0 0 42860 26214 0 0 0 0 0
14.5279 8 GPS 3 68105212 577978970 0 63500 6 0 0 114024250 32 0
14.5293 8 ENERGY 12.400000 -6.276000 0 -77.822395
14.5332 8 WP_MOVED_ENU 4 -2240 2531 512
14.5782 8 INS -2621 535 -34 0 0 -54288 1735 838 -454
14.5801 8 HOVER_LOOP 0 0 -2621 535 0 0 1067 356 0 0 0 0 0 0 0 0 0.000000
14.6270 8 ROTORCRAFT_FP 555 -2624 38 0 0 62380 88 -101 -1476 0 0 38 0 0 0
14.6289 8 IMU_MAG_RAW 285 305 474
14.6309 8 TUNE_VERT -39 -39 0 0
14.6329 8 ALIVE 220,22,224,73,231,114,167,216,234,177,116,77,23,30,29,181
14.6758 8 IMU_ACCEL_RAW -47 106 -2055
14.6778 8 GPS_INT 384208288 79186256 501239136 521389099 116457299 110100 63500 0 0 0 4 0 114024500 260 6 3 0
14.6797 8 VIRT_BARO 200 0.199219 0.199219 101322.609375
14.7286 8 IMU_GYRO_RAW 78 91 -221
14.7305 8 VERT_LOOP -44 0 -44 -66472 -792 0 0 0 42860 26214 0 0 0 0 0
14.7325 8 AUTOPILOT_VERSION 50700 "v5.7_devel-2399-gfc26e4ae2-dirty"
14.7779 8 GPS 3 68105223 577978952 0 63500 8 0 0 114024500 32 0
14.7793 8 ENERGY 12.400000 -6.356000 0 -78.814400
14.8282 8 INS -2624 555 -48 0 0 -68575 216 829 -415
14.8301 8 HOVER_LOOP 0 0 -2624 555 0 0 1536 1336 0 0 0 0 0 0 0 0 0.000000
14.8321 8 ROTORCRAFT_NAV_STATUS 12 0 10.5 0.0 1 2 3
14.8751 8 IMU_ACCEL_RAW -148 -26 -2062
14.8770 8 ROTORCRAFT_FP 599 -2695 50 0 0 66491 90 -102 -1449 0 0 50 0 0 0
14.8790 8 IMU_MAG_RAW 272 327 469
14.8809 8 TUNE_VERT -50 -50 0 0
14.9278 8 GPS_INT 384208320 79186280 501239136 521389066 116457316 110100 63500 0 0 0 4 0 114024750 260 6 3 0
14.9297 8 VIRT_BARO 200 0.199219 0.199219 101322.609375
14.9317 8 ROTORCRAFT_STATUS 0 153 0 45 3 4 0 1 2 1 124 14
14.9786 8 IMU_GYRO_RAW 28 -111 24
14.9805 8 VERT_LOOP -53 0 -53 -64252 -257 0 0 0 42860 26214 0 0 0 0 0
15.0279 8 GPS 3 68105236 577978916 0 63500 9 0 0 114024750 32 0
15.0293 8 ENERGY 12.400000 -6.356000 0 -78.814400
15.0313 8 DL_VALUE 6 4.000000
15.0743 8 IMU_ACCEL_RAW 99 405 -2433
15.0782 8 INS -2695 599 -55 0 0 -62256 477 426 44
15.0801 8 HOVER_LOOP 0 0 -2695 599 0 0 74 940 0 0 0 0 0 0 0 0 0.000000
15.1270 8 ROTORCRAFT_FP 619 -2700 56 0 0 60090 94 -102 -1424 0 0 56 0 0 0
15.1290 8 IMU_MAG_RAW 271 304 471
15.1309 8 TUNE_VERT -56 -56 0 0
15.1778 8 GPS_INT 384208320 79186288 501239136 521389066 116457333 110100 63500 0 0 0 4 0 114025000 260 6 3 0
15.1797 8 VIRT_BARO 200 0.199219 0.199219 101322.609375
15.2286 8 IMU_GYRO_RAW -190 -18 108
15.2305 8 VERT_LOOP -58 0 -58 -57635 419 0 0 0 42860 26214 0 0 0 0 0
15.2735 8 IMU_ACCEL_RAW -153 -61 -1924
15.2779 8 GPS 3 68105248 577978916 1198 63500 0 0 0 114025000 32 0
15.2793 8 ENERGY 12.400000 -6.436000 0 -79.806396
15.3282 8 INS -2700 619 -59 0 0 -52196 1421 1053 873
15.3301 8 HOVER_LOOP 0 0 -2700 619 0 0 226 1205 0 0 0 0 0 0 0 0 0.000000
15.3770 8 ROTORCRAFT_FP 657 -2757 58 0 0 47468 96 -105 -1402 0 0 58 0 0 0
15.3790 8 IMU_MAG_RAW 267 305 467
15.3809 8 TUNE_VERT -58 -58 0 0
15.4278 8 GPS_INT 384208320 79186304 501239104 521389050 116457349 110100 63500 0 0 0 4 0 114025250 260 6 3 0
15.4297 8 VIRT_BARO 200 0.199219 0.199219 101322.609375
15.4727 8 IMU_ACCEL_RAW -127 175 -2030
15.4786 8 IMU_GYRO_RAW -92 -9 -147
15.4805 8 VERT_LOOP -58 -41848 -58 -41848 -302 -58 -41848 0 42860 26214 0 0 0 0 0
15.5279 8 GPS 3 68105259 577978899 0 63500 11 0 0 114025250 32 0
15.5294 8 ENERGY 12.400000 -6.496000 0 -80.550392
15.5782 8 INS -2757 657 -58 0 0 -36151 -620 443 454
15.5801 8 HOVER_LOOP 0 0 -2757 657 0 0 1268 1778 0 0 0 0 0 0 0 0 -0.336914
15.6270 8 ROTORCRAFT_FP 678 -2759 59 0 0 35879 97 -107 -1373 0 0 59 -1373 0 0
15.6290 8 IMU_MAG_RAW 270 295 460
15.6309 8 TUNE_VERT -59 -59 -59 -35300
15.6719 8 IMU_ACCEL_RAW -131 203 -2210
15.6778 8 GPS_INT 384208320 79186312 501239104 521389033 116457366 110100 63500 0 0 0 4 0 114025500 260 6 3 0
15.6797 8 VIRT_BARO 200 0.199219 0.199219 101322.609375
15.7286 8 IMU_GYRO_RAW -155 -28 -125
15.7305 8 VERT_LOOP -59 -30598 -59 -30598 -379 -59 -30598 0 42860 26214 0 0 0 0 0
15.7779 8 GPS 3 68105272 577978880 0 63500 12 0 0 114025500 32 0
15.7794 8 ENERGY 12.400000 -6.416000 0 -79.558395
15.8282 8 INS -2759 678 -59 0 0 -28127 1457 383 -66
15.8301 8 HOVER_LOOP 0 0 -2759 678 0 0 1309 1169 0 0 0 0 0 0 0 0 -0.330566
15.8321 8 ROTORCRAFT_NAV_STATUS 13 0 11.1 0.0 1 2 3
15.8712 8 IMU_ACCEL_RAW -20 307 -2119
15.8770 8 ROTORCRAFT_FP 706 -2895 58 0 0 22451 99 -107 -1349 0 0 58 -1349 0 0
15.8790 8 IMU_MAG_RAW 269 300 468
15.8809 8 TUNE_VERT -58 -58 -58 -22040
15.9278 8 GPS_INT 384208384 79186336 501239104 521389016 116457383 110100 63500 0 0 0 4 0 114025750 260 6 3 0
15.9297 8 VIRT_BARO 200 0.199219 0.199219 101322.609375
15.9317 8 ROTORCRAFT_STATUS 0 153 0 45 3 13 0 1 4 5 124 15
15.9786 8 IMU_GYRO_RAW -6 -39 261
15.9805 8 VERT_LOOP -57 -18687 -57 -18687 -540 -57 -18687 0 42860 26214 0 0 0 0 0
16.0279 8 GPS 3 68105284 577978862 0 63500 13 0 0 114025750 32 0
16.0294 8 ENERGY 12.400000 -6.316000 0 -78.318398
16.0313 8 DL_VALUE 8 28.000000
16.0704 8 IMU_ACCEL_RAW -29 56 -2144
16.0782 8 INS -2895 706 -56 0 0 -12291 1698 -174 309
16.0801 8 HOVER_LOOP 0 0 -2895 706 0 0 1245 570 0 0 0 0 0 0 0 0 -0.325439
16.1270 8 ROTORCRAFT_FP 744 -2903 57 0 0 11527 102 -108 -1326 0 0 57 -1326 0 0
16.1290 8 IMU_MAG_RAW 249 301 465
16.1309 8 TUNE_VERT -57 -57 -57 -11338
16.1778 8 GPS_INT 384208384 79186352 501239104 521389000 116457400 110100 63500 0 0 0 4 0 114026000 260 6 3 0
16.1797 8 VIRT_BARO 200 0.199219 0.199219 101322.609375
16.2286 8 IMU_GYRO_RAW -177 -4 82
16.2305 8 VERT_LOOP -56 -7401 -56 -7401 293 -56 -7401 0 42860 26214 0 0 0 0 0
16.2696 8 IMU_ACCEL_RAW -322 127 -2172
16.2779 8 GPS 3 68105296 577978844 0 63500 14 0 0 114026000 32 0
16.2794 8 ENERGY 12.400000 -6.456000 0 -80.054398
16.3282 8 INS -2903 744 -55 0 0 -2337 1989 654 -452
16.3301 8 HOVER_LOOP 0 0 -2903 744 0 0 1085 1147 0 0 0 0 0 0 0 0 -0.319336
16.3770 8 ROTORCRAFT_FP 765 -2905 54 0 0 -1012 103 -110 -1302 0 0 54 -1302 0 0
16.3790 8 IMU_MAG_RAW 266 318 477
16.3809 8 TUNE_VERT -54 -54 -54 1204
16.4278 8 GPS_INT 384208384 79186360 501239104 521388983 116457416 110100 63500 0 0 0 4 0 114026250 260 6 3 0
16.4297 8 VIRT_BARO 200 0.199219 0.199219 101322.609375
16.4688 8 IMU_ACCEL_RAW -85 -90 -2122
16.4786 8 IMU_GYRO_RAW -51 52 32
16.4805 8 VERT_LOOP -53 4911 -53 4911 -66 -53 4911 0 42860 26214 0 0 0 0 0
16.5279 8 GPS 3 68105308 577978826 1233 63500 0 0 0 114026250 32 0
16.5294 8 ENERGY 12.400000 -6.396000 0 -79.310394
16.5782 8 INS -2905 765 -53 0 0 6723 1248 357 146
16.5801 8 HOVER_LOOP 0 0 -2905 765 0 0 1934 492 0 0 0 0 0 0 0 0 -0.312744
16.6270 8 ROTORCRAFT_FP 765 -2905 52 0 0 -7053 104 -111 -1278 0 0 52 -1278 0 0
16.6290 8 IMU_MAG_RAW 264 315 479
16.6309 8 TUNE_VERT -52 -52 -52 8726
16.6680 8 IMU_ACCEL_RAW -117 87 -2084
16.6778 8 GPS_INT 384208384 79186360 501239104 521388983 116457416 110100 63500 0 0 0 4 0 114026500 260 6 3 0
16.6797 8 VIRT_BARO 200 0.199219 0.199219 101322.609375
16.7286 8 IMU_GYRO_RAW -68 -116 65
16.7305 8 VERT_LOOP -52 9640 -52 9640 995 -52 9640 0 42860 26214 0 0 0 0 0
16.7779 8 GPS 3 68105308 577978826 0 63500 10 0 0 114026500 32 0
16.7794 8 ENERGY 12.400000 -6.436000 0 -79.806396
16.8282 8 INS -2905 765 -51 0 0 10903 1639 1377 805
16.8301 8 HOVER_LOOP 0 0 -2905 765 0 0 1559 -812 0 0 0 0 0 0 0 0 -0.307373
16.8321 8 ROTORCRAFT_NAV_STATUS 14 0 11.7 0.0 1 2 3
16.8673 8 IMU_ACCEL_RAW -272 303 -2264
16.8770 8 ROTORCRAFT_FP 806 -2913 51 0 0 -13191 106 -112 -1255 0 0 51 -1255 0 0
16.8790 8 IMU_MAG_RAW 240 263 490
16.8809 8 TUNE_VERT -51 -51 -51 12007
16.9278 8 GPS_INT 384208384 79186376 501239104 521388983 116457433 110100 63500 0 0 0 4 0 114026750 260 6 3 0
16.9298 8 VIRT_BARO 200 0.199219 0.199219 101322.609375
16.9317 8 ROTORCRAFT_STATUS 0 153 0 45 3 13 0 1 4 5 124 16
16.9786 8 IMU_GYRO_RAW 58 -75 57
16.9805 8 VERT_LOOP -50 13167 -50 13167 -113 -50 13167 0 42860 26214 0 0 0 0 0
17.0279 8 GPS 3 68105320 577978826 0 63500 10 0 0 114026750 32 0
17.0294 8 ENERGY 12.400000 -6.476000 0 -80.302399
17.0313 8 DL_VALUE 9 0.000000
17.0665 8 IMU_ACCEL_RAW -124 -18 -1997
17.0782 8 INS -2913 806 -50 0 0 15839 1068 -1005 -152
17.0801 8 HOVER_LOOP 0 0 -2913 806 0 0 -21 546 0 0 0 0 0 0 0 0 -0.301758
17.1270 8 ROTORCRAFT_FP 826 -2915 49 0 0 -18358 107 -111 -1235 0 0 49 -1235 0 0
17.1290 8 IMU_MAG_RAW 269 303 475
17.1309 8 TUNE_VERT -49 -49 -49 16596
17.1778 8 GPS_INT 384208384 79186384 501239104 521388983 116457450 110100 63500 0 0 0 4 0 114027000 260 6 3 0
17.1798 8 VIRT_BARO 200 0.199219 0.199219 101322.609375
17.2286 8 IMU_GYRO_RAW -40 -86 -235
17.2305 8 VERT_LOOP -49 18688 -49 18688 429 -49 18688 0 42860 26214 0 0 0 0 0
17.2657 8 IMU_ACCEL_RAW -338 37 -2134
17.2779 8 GPS 3 68105331 577978827 0 63500 10 0 0 114027000 32 0
17.2794 8 ENERGY 12.400000 -6.476000 0 -80.302399
17.3282 8 INS -2915 826 -48 0 0 20045 1132 312 -466
17.3301 8 HOVER_LOOP 0 0 -2915 826 0 0 -337 1116 0 0 0 0 0 0 0 0 -0.295898
17.3770 8 ROTORCRAFT_FP 844 -2918 48 0 0 -19463 110 -115 -1209 0 0 48 -1209 0 0
17.3790 8 IMU_MAG_RAW 263 294 477
17.3809 8 TUNE_VERT -48 -48 -48 17946
17.4278 8 GPS_INT 384208384 79186392 501239104 521388983 116457466 110100 63500 0 0 0 4 0 114027250 260 6 3 0
17.4298 8 VIRT_BARO 200 0.199219 0.199219 101322.609375
17.4649 8 IMU_ACCEL_RAW -56 150 -2272
17.4786 8 IMU_GYRO_RAW 29 23 -305
17.4805 8 VERT_LOOP -48 19196 -48 19196 -844 -48 19196 0 42860 26214 0 0 0 0 0
17.5279 8 GPS 3 68105342 577978827 0 63500 9 0 0 114027250 32 0
17.5294 8 ENERGY 12.400000 -6.556000 0 -81.294403
17.5782 8 INS -2918 844 -48 0 0 17541 593 -192 -1289
17.5801 8 HOVER_LOOP 0 0 -2918 844 0 0 -497 786 0 0 0 0 0 0 0 0 -0.290039
17.6270 8 ROTORCRAFT_FP 844 -2918 47 0 0 -18193 111 -115 -1184 0 0 47 -1184 0 0
17.6290 8 IMU_MAG_RAW 263 312 472
17.6309 8 TUNE_VERT -47 -47 -47 19202
17.6641 8 IMU_ACCEL_RAW -402 162 -2052
17.6778 8 GPS_INT 384208384 79186392 501239104 521388966 116457466 110100 63500 0 0 0 4 0 114027500 260 6 3 0
17.6798 8 VIRT_BARO 200 0.199219 0.199219 101322.609375
17.7286 8 IMU_GYRO_RAW 173 44 102
17.7305 8 VERT_LOOP -47 19014 -47 19014 45 -47 19014 0 42860 26214 0 0 0 0 0
17.7779 8 GPS 3 68105343 577978808 1291 63500 0 0 0 114027500 32 0
17.7794 8 ENERGY 12.400000 -6.516000 0 -80.798393
17.8282 8 INS -2918 844 -47 0 0 18899 -647 -75 599
17.8301 8 HOVER_LOOP 0 0 -2918 844 0 0 893 284 0 0 0 0 0 0 0 0 -0.285156
17.8321 8 ROTORCRAFT_NAV_STATUS 15 0 11.9 0.0 1 2 3
17.8634 8 IMU_ACCEL_RAW -144 375 -2123
17.8770 8 ROTORCRAFT_FP 885 -2926 47 0 0 -17408 112 -114 -1162 0 0 47 -1162 0 0
17.8790 8 IMU_MAG_RAW 264 297 476
17.8809 8 TUNE_VERT -47 -47 -47 18011
17.9278 8 GPS_INT 384208384 79186408 501239104 521388966 116457483 110100 63500 0 0 0 4 0 114027750 260 6 3 0
17.9298 8 VIRT_BARO 200 0.199219 0.199219 101322.609375
17.9317 8 ROTORCRAFT_STATUS 0 153 0 45 3 13 0 1 4 5 124 17
17.9786 8 IMU_GYRO_RAW -139 45 124
17.9805 8 VERT_LOOP -47 17319 -47 17319 892 -47 17319 0 42860 26214 0 0 0 0 0
18.0279 8 GPS 3 68105354 577978809 0 63500 9 0 0 114027750 32 0
18.0294 8 ENERGY 12.400000 -6.476000 0 -80.302399
18.0313 8 DL_VALUE 10 0.000000
18.0626 8 IMU_ACCEL_RAW -234 -3 -1945
18.0782 8 INS -2926 885 -47 0 0 17834 1794 224 -238
18.0801 8 HOVER_LOOP 0 0 -2926 885 0 0 1844 1061 0 0 0 0 0 0 0 0 -0.279297
18.1270 8 ROTORCRAFT_FP 906 -2928 47 0 0 -19437 112 -114 -1137 0 0 47 -1137 0 0
18.1290 8 IMU_MAG_RAW 265 302 455
18.1309 8 TUNE_VERT -47 -47 -47 19624
18.1778 8 GPS_INT 384208384 79186416 501239104 521388966 116457500 110100 63500 0 0 0 4 0 114028000 260 6 3 0
18.1798 8 VIRT_BARO 200 0.199219 0.199219 101322.609375
18.2286 8 IMU_GYRO_RAW -63 53 67
18.2306 8 VERT_LOOP -46 18555 -46 18555 388 -46 18555 0 42860 26214 0 0 0 0 0
18.2618 8 IMU_ACCEL_RAW 83 56 -2045
18.2779 8 GPS 3 68105366 577978809 0 63500 8 0 0 114028000 32 0
18.2794 8 ENERGY 12.400000 -6.516000 0 -80.798393
18.3282 8 INS -2928 906 -46 0 0 18063 881 439 -253
18.3301 8 HOVER_LOOP 0 0 -2928 906 0 0 2068 1352 0 0 0 0 0 0 0 0 -0.273193
18.3770 8 ROTORCRAFT_FP 926 -3033 47 0 0 -17488 111 -116 -1116 0 0 47 -1116 0 0
18.3790 8 IMU_MAG_RAW 254 313 480
18.3809 8 TUNE_VERT -47 -47 -47 17018
18.4278 8 GPS_INT 384208384 79186424 501239040 521388950 116457500 110100 63500 0 0 0 4 0 114028250 260 6 3 0
18.4298 8 VIRT_BARO 200 0.199219 0.199219 101322.609375
18.4610 8 IMU_ACCEL_RAW -112 253 -1796
18.4786 8 IMU_GYRO_RAW -146 -82 -243
18.4805 8 VERT_LOOP -47 17537 -47 17537 532 -47 17537 0 42860 26214 0 0 0 0 0
18.5279 8 GPS 3 68105367 577978791 0 63500 9 0 0 114028250 32 0
18.5294 8 ENERGY 12.400000 -6.496000 0 -80.550392
18.5782 8 INS -3033 926 -47 0 0 17603 1942 1193 126
18.5801 8 HOVER_LOOP 0 0 -3033 926 0 0 380 83 0 0 0 0 0 0 0 0 -0.267392
18.6270 8 ROTORCRAFT_FP 967 -3038 46 0 0 -18819 114 -118 -1091 0 0 46 -1091 0 0
18.6290 8 IMU_MAG_RAW 269 310 466
18.6309 8 TUNE_VERT -46 -46 -46 18986
18.6602 8 IMU_ACCEL_RAW -11 125 -1951
18.6778 8 GPS_INT 384208384 79186440 501239040 521388950 116457516 110100 63500 0 0 0 4 0 114028500 260 6 3 0
18.6798 8 VIRT_BARO 200 0.199219 0.199219 101322.609375
18.7286 8 IMU_GYRO_RAW 213 -3 -38
18.7305 8 VERT_LOOP -46 18607 -46 18607 -358 -46 18607 0 42860 26214 0 0 0 0 0
18.7779 8 GPS 3 68105378 577978792 0 63500 10 0 0 114028500 32 0
18.7794 8 ENERGY 12.400000 -6.536000 0 -81.046394
18.8282 8 INS -3038 967 -46 0 0 17848 -659 -79 -405
18.8302 8 HOVER_LOOP 0 0 -3038 967 0 0 576 663 0 0 0 0 0 0 0 0 -0.261963
18.8321 8 ROTORCRAFT_NAV_STATUS 16 0 12.5 0.0 1 2 3
18.8594 8 IMU_ACCEL_RAW -22 162 -2167
18.8770 8 ROTORCRAFT_FP 985 -3043 47 0 0 -17788 115 -118 -1071 0 0 47 -1071 0 0
18.8790 8 IMU_MAG_RAW 259 307 474
18.8809 8 TUNE_VERT -47 -47 -47 18566
18.9278 8 GPS_INT 384208384 79186448 501239040 521388950 116457533 110100 63500 0 0 0 4 0 114028750 260 6 3 0
18.9298 8 VIRT_BARO 200 0.199219 0.199219 101322.609375
18.9317 8 ROTORCRAFT_STATUS 0 153 0 45 3 13 0 1 4 5 124 18
18.9786 8 IMU_GYRO_RAW -38 69 119
18.9805 8 VERT_LOOP -47 17312 -47 17312 902 -47 17312 0 42860 26214 0 0 0 0 0
19.0279 8 GPS 3 68105389 577978792 1135 63500 0 0 0 114028750 32 0
19.0294 8 ENERGY 12.400000 -6.536000 0 -81.046394
19.0313 8 DL_VALUE 12 1013.382019
19.0587 8 IMU_ACCEL_RAW -194 126 -1785
19.0782 8 INS -3043 985 -47 0 0 18794 -284 1295 1149
19.0801 8 HOVER_LOOP 0 0 -3043 985 0 0 890 1620 0 0 0 0 0 0 0 0 -0.257324
19.1270 8 ROTORCRAFT_FP 1024 -2882 46 0 0 -20100 115 -117 -1047 0 0 46 -1047 0 0
19.1290 8 IMU_MAG_RAW 257 303 474
19.1309 8 TUNE_VERT -46 -46 -46 20611
19.1778 8 GPS_INT 384208352 79186456 501239104 521388966 116457550 110100 63500 0 0 0 4 0 114029000 260 6 3 0
19.1798 8 VIRT_BARO 200 0.199219 0.199219 101322.609375
19.2286 8 IMU_GYRO_RAW -103 -25 119
19.2305 8 VERT_LOOP -46 18416 -46 18416 988 -46 18416 0 42860 26214 0 0 0 0 0
19.2344 8 DATALINK_REPORT 19 0 0 47524 0 0
19.2345 8 GEO_MAG 0.355608 -0.023020 0.934352 4
19.2579 8 IMU_ACCEL_RAW -54 179 -2051
19.2779 8 GPS 3 68105400 577978810 0 63500 9 0 0 114029000 32 0
19.2794 8 ENERGY 12.400000 -6.516000 0 -80.798393
19.3282 8 INS -2882 1024 -46 0 0 19070 479 1023 282
19.3301 8 HOVER_LOOP 0 0 -2882 1024 0 0 2791 1375 0 0 0 0 0 0 0 0 -0.250732
19.3341 8 UART_ERRORS 0 0 0 2
19.3770 8 ROTORCRAFT_FP 1024 -2882 47 0 0 -17383 115 -117 -1024 0 0 47 -1024 0 0
19.3790 8 IMU_MAG_RAW 254 320 468
19.3809 8 TUNE_VERT -47 -47 -47 17001
19.4278 8 GPS_INT 384208352 79186456 501239104 521388966 116457550 110100 63500 0 0 0 4 0 114029250 260 6 3 0
19.4298 8 VIRT_BARO 200 0.199219 0.199219 101322.609375
19.4337 8 I2C_ERRORS 0 0 15 0 0 0 0 0 0 0 0 1
19.4571 8 IMU_ACCEL_RAW -173 263 -2038
19.4786 8 IMU_GYRO_RAW -172 -32 -85
19.4805 8 VERT_LOOP -47 16792 -47 16792 691 -47 16792 0 42860 26214 0 0 0 0 0
19.5279 8 GPS 3 68105400 577978810 0 63500 8 0 0 114029250 32 0
19.5294 8 ENERGY 12.400000 -6.556000 0 -81.294403
19.5333 8 WP_MOVED_ENU 0 11136 10352 256
19.5782 8 INS -2882 1024 -47 0 0 14468 1029 682 529
19.5801 8 HOVER_LOOP 0 0 -2882 1024 0 0 746 10 0 0 0 0 0 0 0 0 -0.245117
19.6270 8 ROTORCRAFT_FP 1024 -2982 46 0 0 -16551 116 -120 -1001 0 0 46 -1001 0 0
19.6290 8 IMU_MAG_RAW 262 289 474
19.6309 8 TUNE_VERT -46 -46 -46 15524
19.6329 8 ALIVE 220,22,224,73,231,114,167,216,234,177,116,77,23,30,29,181
19.6563 8 IMU_ACCEL_RAW -106 176 -2103
19.6778 8 GPS_INT 384208352 79186456 501239040 521388966 116457550 110000 63400 0 0 0 4 0 114029500 260 6 3 0
19.6798 8 VIRT_BARO 200 0.199219 0.199219 101322.609375
19.7286 8 IMU_GYRO_RAW 104 -97 -157
19.7305 8 VERT_LOOP -46 14490 -46 14490 -62 -46 14490 0 42860 26214 0 0 0 0 0
19.7325 8 AUTOPILOT_VERSION 50700 "v5.7_devel-2399-gfc26e4ae2-dirty"
19.7779 8 GPS 3 68105400 577978810 0 63400 6 0 0 114029500 32 0
19.7794 8 ENERGY 12.400000 -6.456000 0 -80.054398
19.8282 8 INS -2982 1024 -47 0 0 13362 669 733 254
19.8302 8 HOVER_LOOP 0 0 -2982 1024 0 0 -591 -310 0 0 0 0 0 0 0 0 -0.240479
19.8321 8 ROTORCRAFT_NAV_STATUS 17 0 12.3 0.0 1 2 3
19.8555 8 IMU_ACCEL_RAW -43 -24 -1867
19.8770 8 ROTORCRAFT_FP 1041 -2984 47 0 0 -11817 118 -117 -983 0 0 47 -983 0 0
19.8790 8 IMU_MAG_RAW 265 305 474
19.8809 8 TUNE_VERT -47 -47 -47 10769
19.9278 8 GPS_INT 384208352 79186464 501239040 521388966 116457566 110000 63400 0 0 0 4 0 114029750 260 6 3 0
19.9298 8 VIRT_BARO 200 0.199219 0.199219 101322.609375
19.9317 8 ROTORCRAFT_STATUS 0 153 0 46 3 13 0 1 4 5 124 19
19.9786 8 IMU_GYRO_RAW 53 139 69
19.9805 8 VERT_LOOP -47 9866 -47 9866 205 -47 9866 0 42860 26214 0 0 0 0 0
20.0279 8 GPS 3 68105411 577978811 0 63400 5 0 0 114029750 32 0
20.0294 8 ENERGY 12.400000 -6.496000 0 -80.550392
20.0313 8 DL_VALUE 13 1.000000
20.0548 8 IMU_ACCEL_RAW 31 245 -2167
20.0782 8 INS -2984 1041 -47 0 0 10586 -596 1140 782
20.0802 8 HOVER_LOOP 0 0 -2984 1041 0 0 -780 -720 0 0 0 0 0 0 0 0 -0.235107
20.1270 8 ROTORCRAFT_FP 1047 -3051 47 0 0 -8627 119 -119 -959 0 0 47 -959 0 0
20.1290 8 IMU_MAG_RAW 265 294 480
20.1309 8 TUNE_VERT -47 -47 -47 8291
20.1778 8 GPS_INT 384208384 79186472 501239040 521388950 116457566 110000 63400 0 0 0 4 0 114030000 260 6 3 0
20.1798 8 VIRT_BARO 200 0.199219 0.199219 101322.609375
20.2286 8 IMU_GYRO_RAW -77 -65 -127
20.2305 8 VERT_LOOP -47 8263 -47 8263 -1369 -47 8263 0 42860 26214 0 0 0 0 0
20.2540 8 IMU_ACCEL_RAW -17 187 -2243
20.2779 8 GPS 3 68105412 577978793 1649 63400 0 0 0 114030000 32 0
20.2794 8 ENERGY 12.400000 -6.496000 0 -80.550392
20.3282 8 INS -3051 1047 -48 0 0 8164 458 1763 -252
20.3302 8 HOVER_LOOP 0 0 -3051 1047 0 0 1328 -77 0 0 0 0 0 0 0 0 -0.230469
20.3770 8 ROTORCRAFT_FP 1047 -3051 48 0 0 -6152 116 -118 -939 0 0 48 -939 0 0
20.3790 8 IMU_MAG_RAW 268 312 466
20.3809 8 TUNE_VERT -48 -48 -48 7913
20.4278 8 GPS_INT 384208384 79186472 501239040 521388950 116457566 110000 63400 0 0 0 4 0 114030250 260 6 3 0
20.4298 8 VIRT_BARO 200 0.199219 0.199219 101322.609375
20.4532 8 IMU_ACCEL_RAW -203 392 -2374
20.4786 8 IMU_GYRO_RAW 34 38 142
20.4805 8 VERT_LOOP -48 7965 -48 7965 -1822 -48 7965 0 42860 26214 0 0 0 0 0
20.5279 8 GPS 3 68105412 577978793 0 63400 8 0 0 114030250 32 0
20.5294 8 ENERGY 12.400000 -6.476000 0 -80.302399
20.5782 8 INS -3051 1047 -48 0 0 7468 372 293 -287
20.5802 8 HOVER_LOOP 0 0 -3051 1047 0 0 1224 460 0 0 0 0 0 0 0 0 -0.227295
20.6270 8 ROTORCRAFT_FP 1047 -3051 48 0 0 -6939 115 -117 -927 0 0 48 -927 0 0
20.6290 8 IMU_MAG_RAW 259 295 476
20.6309 8 TUNE_VERT -48 -48 -48 10480
20.6524 8 IMU_ACCEL_RAW -270 350 -2292
20.6778 8 GPS_INT 384208384 79186472 501239040 521388950 116457566 110000 63400 0 0 0 4 0 114030500 260 6 3 0
20.6798 8 VIRT_BARO 200 0.199219 0.199219 101322.609375
20.7286 8 IMU_GYRO_RAW -70 -45 213
20.7305 8 VERT_LOOP -48 8708 -48 8708 -564 -48 8708 0 42860 26214 0 0 0 0 0
20.7779 8 GPS 3 68105412 577978793 0 63400 8 0 0 114030500 32 0
20.7794 8 ENERGY 12.400000 -6.636000 0 -82.286400
20.8282 8 INS -3051 1047 -48 0 0 8669 -16 1303 1073
20.8302 8 HOVER_LOOP 0 0 -3051 1047 0 0 1576 567 0 0 0 0 0 0 0 0 -0.225342
20.8321 8 ROTORCRAFT_NAV_STATUS 18 0 12.6 0.0 1 2 3
20.8516 8 IMU_ACCEL_RAW -250 -151 -2079
20.8770 8 ROTORCRAFT_FP 1047 -3051 48 0 0 -8623 114 -114 -920 0 0 48 -920 0 0
20.8790 8 IMU_MAG_RAW 266 310 471
20.8809 8 TUNE_VERT -48 -48 -48 8134
20.9278 8 GPS_INT 384208384 79186472 501239040 521388950 116457566 110000 63400 0 0 0 4 0 114030750 260 6 3 0
20.9298 8 VIRT_BARO 200 0.199219 0.199219 101322.609375
20.9317 8 ROTORCRAFT_STATUS 0 153 0 45 3 13 0 1 4 5 124 20
20.9786 8 IMU_GYRO_RAW 29 88 139
20.9805 8 VERT_LOOP -48 6284 -48 6284 387 -48 6284 0 42860 26214 0 0 0 0 0
21.0279 8 GPS 3 68105412 577978793 0 63400 8 0 0 114030750 32 0
21.0294 8 ENERGY 12.400000 -6.556000 0 -81.294403
21.0313 8 DL_VALUE 15 1.000000
21.0509 8 IMU_ACCEL_RAW -21 -269 -1829
21.0782 8 INS -3051 1047 -49 0 0 7861 452 29 -428
21.0802 8 HOVER_LOOP 0 0 -3051 1047 0 0 1133 455 0 0 0 0 0 0 0 0 -0.221924
21.1270 8 ROTORCRAFT_FP 1041 -2984 48 0 0 -7135 114 -113 -906 0 0 48 -906 0 0
21.1290 8 IMU_MAG_RAW 278 298 469
21.1309 8 TUNE_VERT -48 -48 -48 6913
21.1778 8 GPS_INT 384208352 79186464 501239040 521388966 116457566 110000 63400 0 0 0 4 0 114031000 260 6 3 0
21.1798 8 VIRT_BARO 200 0.199219 0.199219 101322.609375
21.2286 8 IMU_GYRO_RAW -98 -18 -137
21.2306 8 VERT_LOOP -48 7419 -48 7419 341 -48 7419 0 42860 26214 0 0 0 0 0
21.2501 8 IMU_ACCEL_RAW 90 -191 -2114
21.2779 8 GPS 3 68105411 577978811 0 63400 8 0 0 114031000 32 0
21.2794 8 ENERGY 12.400000 -6.516000 0 -80.798393
21.3282 8 INS -2984 1041 -49 0 0 6308 -457 1233 86
21.3302 8 HOVER_LOOP 0 0 -2984 1041 0 0 269 -499 0 0 0 0 0 0 0 0 -0.217294
21.3770 8 ROTORCRAFT_FP 1041 -2984 49 0 0 -5834 113 -114 -887 0 0 49 -887 0 0
21.3790 8 IMU_MAG_RAW 249 307 471
21.3809 8 TUNE_VERT -49 -49 -49 6232
21.4278 8 GPS_INT 384208352 79186464 501239040 521388983 116457566 110000 63400 0 0 0 4 0 114031250 260 6 3 0
21.4298 8 VIRT_BARO 200 0.199219 0.199219 101322.609375
21.4493 8 IMU_ACCEL_RAW -319 -33 -1942
21.4786 8 IMU_GYRO_RAW -29 89 -109
21.4805 8 VERT_LOOP -49 7950 -49 7950 -702 -49 7950 0 42860 26214 0 0 0 0 0
21.5279 8 GPS 3 68105411 577978829 2427 63400 0 0 0 114031250 32 0
21.5294 8 ENERGY 12.400000 -6.556000 0 -81.294403
21.5782 8 INS -2984 1041 -49 0 0 6974 -721 704 630
21.5802 8 HOVER_LOOP 0 0 -2984 1041 0 0 1095 -838 0 0 0 0 0 0 0 0 -0.214600
21.6270 8 ROTORCRAFT_FP 1041 -2984 49 0 0 -6265 112 -115 -877 0 0 49 -877 0 0
21.6290 8 IMU_MAG_RAW 257 295 461
21.6309 8 TUNE_VERT -49 -49 -49 8652
21.6485 8 IMU_ACCEL_RAW 90 77 -1875
21.6778 8 GPS_INT 384208352 79186464 501239040 521388966 116457566 110000 63400 0 0 0 4 0 114031500 260 6 3 0
21.6798 8 VIRT_BARO 200 0.199219 0.199219 101322.609375
21.7286 8 IMU_GYRO_RAW -65 103 -84
21.7305 8 VERT_LOOP -49 8504 -49 8504 487 -49 8504 0 42860 26214 0 0 0 0 0
21.7779 8 GPS 3 68105411 577978811 0 63400 9 0 0 114031500 32 0
21.7794 8 ENERGY 12.400000 -6.576000 0 -81.542397
21.8282 8 INS -2984 1041 -49 0 0 4357 686 1764 626
21.8302 8 HOVER_LOOP 0 0 -2984 1041 0 0 -674 1020 0 0 0 0 0 0 0 0 -0.211182
21.8321 8 ROTORCRAFT_NAV_STATUS 19 0 12.3 0.0 1 2 3
21.8477 8 IMU_ACCEL_RAW -339 149 -1840
21.8770 8 ROTORCRAFT_FP 1062 -2990 49 0 0 -4920 112 -115 -863 0 0 49 -863 0 0
21.8790 8 IMU_MAG_RAW 258 316 459
21.8809 8 TUNE_VERT -49 -49 -49 5364
21.9278 8 GPS_INT 384208352 79186472 501239040 521388983 116457583 110000 63400 0 0 0 4 0 114031750 260 6 3 0
21.9298 8 VIRT_BARO 200 0.199219 0.199219 101322.609375
21.9317 8 ROTORCRAFT_STATUS 0 153 0 45 3 13 0 1 4 5 124 21
21.9786 8 IMU_GYRO_RAW 94 98 5
21.9805 8 VERT_LOOP -49 5598 -49 5598 -420 -49 5598 0 42860 26214 0 0 0 0 0
22.0279 8 GPS 3 68105422 577978830 0 63400 7 0 0 114031750 32 0
22.0294 8 ENERGY 12.400000 -6.496000 0 -80.550392
22.0313 8 DL_VALUE 16 1.000000
22.0470 8 IMU_ACCEL_RAW -271 118 -1917
22.0782 8 INS -2990 1062 -49 0 0 4880 1562 504 672
22.0802 8 HOVER_LOOP 0 0 -2990 1062 0 0 1051 241 0 0 0 0 0 0 0 0 -0.207764
22.1270 8 ROTORCRAFT_FP 1082 -2992 49 0 0 -7038 112 -113 -850 0 0 49 -850 0 0
22.1290 8 IMU_MAG_RAW 252 282 469
22.1309 8 TUNE_VERT -49 -49 -49 6260
22.1778 8 GPS_INT 384208352 79186480 501239040 521388983 116457600 110000 63400 0 0 0 4 0 114032000 260 6 3 0
22.1798 8 VIRT_BARO 200 0.199219 0.199219 101322.609375
22.2286 8 IMU_GYRO_RAW 21 126 -11
22.2306 8 VERT_LOOP -49 6360 -49 6360 1231 -49 6360 0 42860 26214 0 0 0 0 0
22.2462 8 IMU_ACCEL_RAW 2 8 -2074
22.2779 8 GPS 3 68105434 577978830 0 63400 6 0 0 114032000 32 0
22.2794 8 ENERGY 12.400000 -6.516000 0 -80.798393
22.3282 8 INS -2992 1082 -49 0 0 3630 1546 410 325
22.3302 8 HOVER_LOOP 0 0 -2992 1082 0 0 -1126 899 0 0 0 0 0 0 0 0 -0.204346
22.3770 8 ROTORCRAFT_FP 1082 -2992 49 0 0 -5896 112 -113 -836 0 0 49 -836 0 0
22.3790 8 IMU_MAG_RAW 254 291 478
22.3809 8 TUNE_VERT -49 -49 -49 3126
22.4278 8 GPS_INT 384208352 79186480 501239040 521388983 116457600 110000 63400 0 0 0 4 0 114032250 260 6 3 0
22.4298 8 VIRT_BARO 200 0.199219 0.199219 101322.609375
22.4454 8 IMU_ACCEL_RAW 224 113 -2146
22.4786 8 IMU_GYRO_RAW 4 25 -266
22.4806 8 VERT_LOOP -49 3962 -49 3962 -227 -49 3962 0 42860 26214 0 0 0 0 0
22.5279 8 GPS 3 68105434 577978830 0 63400 7 0 0 114032250 32 0
22.5294 8 ENERGY 12.400000 -6.496000 0 -80.550392
22.5782 8 INS -2992 1082 -49 0 0 2639 1368 -533 -995
22.5802 8 HOVER_LOOP 0 0 -2992 1082 0 0 821 1564 0 0 0 0 0 0 0 0 -0.201416
22.6270 8 ROTORCRAFT_FP 1082 -2992 49 0 0 -3831 111 -111 -828 0 0 49 -828 0 0
22.6290 8 IMU_MAG_RAW 252 313 464
22.6309 8 TUNE_VERT -49 -49 -49 2023
22.6446 8 IMU_ACCEL_RAW 141 78 -2151
22.6778 8 GPS_INT 384208352 79186480 501239040 521388966 116457600 110000 63400 0 0 0 4 0 114032500 260 6 3 0
22.6798 8 VIRT_BARO 200 0.199219 0.199219 101322.609375
22.7286 8 IMU_GYRO_RAW -98 -98 -315
22.7306 8 VERT_LOOP -49 4604 -49 4604 434 -49 4604 0 42860 26214 0 0 0 0 0
22.7779 8 GPS 3 68105435 577978811 2016 63400 0 0 0 114032500 32 0
22.7794 8 ENERGY 12.400000 -6.516000 0 -80.798393
22.8282 8 INS -2992 1082 -49 0 0 3401 1341 581 -325
22.8302 8 HOVER_LOOP 0 0 -2992 1082 0 0 -473 682 0 0 0 0 0 0 0 0 -0.198975
22.8321 8 ROTORCRAFT_NAV_STATUS 20 0 12.4 0.0 1 2 3
22.8438 8 IMU_ACCEL_RAW -224 -79 -1879
22.8770 8 ROTORCRAFT_FP 1123 -2997 50 0 0 -4317 111 -113 -814 0 0 50 -814 0 0
22.8790 8 IMU_MAG_RAW 256 301 478
22.8809 8 TUNE_VERT -50 -50 -50 2581
22.9278 8 GPS_INT 384208352 79186496 501239040 521388966 116457616 110000 63400 0 0 0 4 0 114032750 260 6 3 0
22.9298 8 VIRT_BARO 200 0.199219 0.199219 101322.609375
22.9317 8 ROTORCRAFT_STATUS 0 153 0 45 3 13 0 1 4 5 124 22
22.9786 8 IMU_GYRO_RAW 65 -86 -179
22.9805 8 VERT_LOOP -50 4205 -50 4205 -987 -50 4205 0 42860 26214 0 0 0 0 0
23.0279 8 GPS 3 68105445 577978812 0 63400 10 0 0 114032750 32 0
23.0294 8 ENERGY 12.400000 -6.496000 0 -80.550392
23.0313 8 DL_VALUE 17 0.000000
23.0431 8 IMU_ACCEL_RAW -249 -107 -2032
23.0782 8 INS -2997 1123 -50 0 0 3661 2264 501 114
23.0802 8 HOVER_LOOP 0 0 -2997 1123 0 0 349 727 0 0 0 0 0 0 0 0 -0.196533
23.1270 8 ROTORCRAFT_FP 1123 -2997 49 0 0 -5251 110 -111 -804 0 0 49 -804 0 0
23.1290 8 IMU_MAG_RAW 262 326 485
23.1309 8 TUNE_VERT -49 -49 -49 4225
23.1778 8 GPS_INT 384208352 79186496 501239040 521388983 116457616 110000 63400 0 0 0 4 0 114033000 260 6 3 0
23.1798 8 VIRT_BARO 200 0.199219 0.199219 101322.609375
23.2286 8 IMU_GYRO_RAW 87 -75 -18
23.2306 8 VERT_LOOP -49 3503 -49 3503 -425 -49 3503 0 42860 26214 0 0 0 0 0
23.2423 8 IMU_ACCEL_RAW -185 -63 -2147
23.2779 8 GPS 3 68105445 577978831 0 63400 10 0 0 114033000 32 0
23.2794 8 ENERGY 12.400000 -6.416000 0 -79.558395
23.3282 8 INS -2997 1123 -49 0 0 4306 1819 929 1183
23.3302 8 HOVER_LOOP 0 0 -2997 1123 0 0 -456 737 0 0 0 0 0 0 0 0 -0.194092
23.3770 8 ROTORCRAFT_FP 1144 -3002 50 0 0 -5028 112 -111 -793 0 0 50 -793 0 0
23.3790 8 IMU_MAG_RAW 259 296 471
23.3809 8 TUNE_VERT -50 -50 -50 2732
23.4278 8 GPS_INT 384208352 79186504 501239040 521388983 116457633 110000 63400 0 0 0 4 0 114033250 260 6 3 0
23.4298 8 VIRT_BARO 200 0.199219 0.199219 101322.609375
23.4415 8 IMU_ACCEL_RAW -194 14 -1973
23.4786 8 IMU_GYRO_RAW 111 -84 -92
23.4806 8 VERT_LOOP -50 3196 -50 3196 132 -50 3196 0 42860 26214 0 0 0 0 0
23.5279 8 GPS 3 68105456 577978831 0 63400 8 0 0 114033250 32 0
23.5294 8 ENERGY 12.400000 -6.456000 0 -80.054398
23.5782 8 INS -3002 1144 -50 0 0 4518 1472 -38 -536
23.5802 8 HOVER_LOOP 0 0 -3002 1144 0 0 957 58 0 0 0 0 0 0 0 0 -0.191650
23.6270 8 ROTORCRAFT_FP 1182 -3008 50 0 0 -4416 110 -108 -786 0 0 50 -786 0 0
23.6290 8 IMU_MAG_RAW 254 306 468
23.6309 8 TUNE_VERT -50 -50 -50 3053
23.6407 8 IMU_ACCEL_RAW -54 214 -2115
23.6778 8 GPS_INT 384208352 79186520 501239040 521389000 116457649 110000 63400 0 0 0 4 0 114033500 260 6 3 0
23.6798 8 VIRT_BARO 200 0.199219 0.199219 101322.609375
23.7286 8 IMU_GYRO_RAW -96 -49 -210
23.7306 8 VERT_LOOP -49 5674 -49 5674 134 -49 5674 0 42860 26214 0 0 0 0 0
23.7779 8 GPS 3 68105467 577978850 0 63400 6 0 0 114033500 32 0
23.7794 8 ENERGY 12.400000 -6.536000 0 -81.046394
23.8282 8 INS -3008 1182 -49 0 0 6454 -271 1828 445
23.8302 8 HOVER_LOOP 0 0 -3008 1182 0 0 580 1119 0 0 0 0 0 0 0 0 -0.188965
23.8321 8 ROTORCRAFT_NAV_STATUS 21 0 12.6 0.0 1 2 3
23.8399 8 IMU_ACCEL_RAW -91 304 -1849
23.8770 8 ROTORCRAFT_FP 1203 -3013 50 0 0 -4801 109 -108 -771 0 0 50 -771 0 0
23.8790 8 IMU_MAG_RAW 259 300 477
23.8809 8 TUNE_VERT -50 -50 -50 4624
23.9278 8 GPS_INT 384208352 79186528 501239040 521389016 116457666 110000 63400 0 0 0 4 0 114033750 260 6 3 0
23.9298 8 VIRT_BARO 200 0.199219 0.199219 101322.609375
23.9317 8 ROTORCRAFT_STATUS 0 153 0 46 3 13 0 1 4 5 124 23
23.9786 8 IMU_GYRO_RAW -43 53 -105
23.9806 8 VERT_LOOP -49 5584 -49 5584 360 -49 5584 0 42860 26214 0 0 0 0 0
24.0279 8 GPS 3 68105478 577978869 1283 63400 0 0 0 114033750 32 0
24.0294 8 ENERGY 12.400000 -6.456000 0 -80.054398
24.0313 8 DL_VALUE 19 30.000000
24.0391 8 IMU_ACCEL_RAW -148 482 -2209
24.0782 8 INS -3013 1203 -49 0 0 5924 219 -2 -301
24.0802 8 HOVER_LOOP 0 0 -3013 1203 0 0 1113 -586 0 0 0 0 0 0 0 0 -0.184316
24.1270 8 ROTORCRAFT_FP 1203 -3013 49 0 0 -5409 109 -109 -754 0 0 49 -754 0 0
24.1290 8 IMU_MAG_RAW 260 306 468
24.1310 8 TUNE_VERT -49 -49 -49 6328
24.1778 8 GPS_INT 384208352 79186528 501239040 521389016 116457666 110000 63400 0 0 0 4 0 114034000 260 6 3 0
24.1798 8 VIRT_BARO 200 0.199219 0.199219 101322.609375
24.2286 8 IMU_GYRO_RAW 5 -110 8
24.2306 8 VERT_LOOP -49 6946 -49 6946 -72 -49 6946 0 42860 26214 0 0 0 0 0
24.2345 8 GEO_MAG 0.355608 -0.023020 0.934352 4
24.2384 8 IMU_ACCEL_RAW 182 247 -2076
24.2779 8 GPS 3 68105478 577978869 0 63400 8 0 0 114034000 32 0
24.2794 8 ENERGY 12.400000 -6.576000 0 -81.542397
24.3282 8 INS -3013 1203 -49 0 0 7700 1411 1023 -32
24.3302 8 HOVER_LOOP 0 0 -3013 1203 0 0 1486 -1374 0 0 0 0 0 0 0 0 -0.180664
24.3341 8 DATALINK_REPORT 24 0 0 34028 0 0
24.3771 8 ROTORCRAFT_FP 1203 -3013 49 0 0 -6434 109 -108 -738 0 0 49 -738 0 0
24.3790 8 IMU_MAG_RAW 265 287 478
24.3810 8 TUNE_VERT -49 -49 -49 6482
24.4278 8 GPS_INT 384208352 79186528 501239040 521389016 116457666 110000 63400 0 0 0 4 0 114034250 260 6 3 0
24.4298 8 VIRT_BARO 200 0.199219 0.199219 101322.609375
24.4376 8 IMU_ACCEL_RAW -67 204 -2045
24.4786 8 IMU_GYRO_RAW 86 -62 138
24.4806 8 VERT_LOOP -49 7118 -49 7118 -94 -49 7118 0 42860 26214 0 0 0 0 0
24.5279 8 GPS 3 68105478 577978869 0 63400 6 0 0 114034250 32 0
24.5294 8 ENERGY 12.400000 -6.536000 0 -81.046394
24.5333 8 WP_MOVED_ENU 2 5 -5 512
24.5782 8 INS -3013 1203 -49 0 0 7907 744 -74 -538
24.5802 8 HOVER_LOOP 0 0 -3013 1203 0 0 941 -254 0 0 0 0 0 0 0 0 -0.177002
24.6270 8 ROTORCRAFT_FP 1236 -2785 49 0 0 -7752 108 -107 -722 0 0 49 -722 0 0
24.6290 8 IMU_MAG_RAW 261 302 485
24.6310 8 TUNE_VERT -49 -49 -49 6682
24.6329 8 ALIVE 220,22,224,73,231,114,167,216,234,177,116,77,23,30,29,181
24.6368 8 IMU_ACCEL_RAW 103 -102 -1875
24.6778 8 GPS_INT 384208288 79186528 501239104 521389033 116457683 110000 63400 0 0 0 4 0 114034500 260 6 3 0
24.6798 8 VIRT_BARO 200 0.199219 0.199219 101322.609375
24.7286 8 IMU_GYRO_RAW -99 -151 -122
24.7306 8 VERT_LOOP -49 8474 -49 8474 536 -49 8474 0 42860 26214 0 0 0 0 0
24.7325 8 AUTOPILOT_VERSION 50700 "v5.7_devel-2399-gfc26e4ae2-dirty"
24.7779 8 GPS 3 68105489 577978888 0 63400 6 0 0 114034500 32 0
24.7794 8 ENERGY 12.400000 -6.496000 0 -80.550392
24.8282 8 INS -2785 1236 -49 0 0 8838 899 1778 -282
24.8302 8 HOVER_LOOP 0 0 -2785 1236 0 0 2779 789 0 0 0 0 0 0 0 0 -0.172363
24.8321 8 ROTORCRAFT_NAV_STATUS 22 0 11.9 0.0 1 2 3
24.8360 8 IMU_ACCEL_RAW -139 -153 -1796
24.8770 8 ROTORCRAFT_FP 1236 -2785 49 0 0 -7655 106 -107 -704 0 0 49 -704 0 0
24.8790 8 IMU_MAG_RAW 247 295 462
24.8809 8 TUNE_VERT -49 -49 -49 8530
24.9278 8 GPS_INT 384208288 79186528 501239104 521389050 116457683 110000 63400 0 0 0 4 0 114034750 260 6 3 0
24.9298 8 VIRT_BARO 200 0.199219 0.199219 101322.609375
24.9317 8 ROTORCRAFT_STATUS 0 153 0 45 3 13 0 1 4 5 124 24
24.9786 8 IMU_GYRO_RAW -214 -106 -102
24.9806 8 VERT_LOOP -49 9520 -49 9520 249 -49 9520 0 42860 26214 0 0 0 0 0
25.0279 8 GPS 3 68105488 577978907 0 63400 5 0 0 114034750 32 0
25.0294 8 ENERGY 12.400000 -6.596000 0 -81.790398
25.0313 8 DL_VALUE 20 0.063000
25.0352 8 IMU_ACCEL_RAW -248 119 -1885
25.0782 8 INS -2785 1236 -49 0 0 9081 1187 1539 94
25.0802 8 HOVER_LOOP 0 0 -2785 1236 0 0 1524 1017 0 0 0 0 0 0 0 0 -0.167969
25.1270 8 ROTORCRAFT_FP 1236 -2785 49 0 0 -10684 106 -107 -685 0 0 49 -685 0 0
25.1290 8 IMU_MAG_RAW 252 306 469
25.1309 8 TUNE_VERT -48 -48 -48 11041
25.1778 8 GPS_INT 384208288 79186528 501239104 521389050 116457683 110000 63400 0 0 0 4 0 114035000 260 6 3 0
25.1798 8 VIRT_BARO 200 0.199219 0.199219 101322.609375
25.2286 8 IMU_GYRO_RAW 36 -127 174
25.2306 8 VERT_LOOP -48 10568 -48 10568 712 -48 10568 0 42860 26214 0 0 0 0 0
25.2345 8 IMU_ACCEL_RAW -197 64 -1918
25.2779 8 GPS 3 68105488 577978907 1365 63400 0 0 0 114035000 32 0
25.2794 8 ENERGY 12.400000 -6.556000 0 -81.294403
25.3282 8 INS -2785 1236 -48 0 0 10419 1520 560 127
25.3302 8 HOVER_LOOP 0 0 -2785 1236 0 0 2276 204 0 0 0 0 0 0 0 0 -0.164307
25.3771 8 ROTORCRAFT_FP 1254 -2670 49 0 0 -10294 105 -105 -673 0 0 49 -673 0 0
25.3790 8 IMU_MAG_RAW 264 317 479
25.3809 8 TUNE_VERT -48 -48 -48 10272
25.4278 8 GPS_INT 384208256 79186528 501239136 521389066 116457700 110000 63400 0 0 0 4 0 114035250 260 6 3 0
25.4298 8 VIRT_BARO 200 0.199219 0.199219 101322.609375
25.4337 8 IMU_ACCEL_RAW -121 255 -1895
25.4786 8 IMU_GYRO_RAW -167 -79 68
25.4806 8 VERT_LOOP -48 8830 -48 8830 1060 -48 8830 0 42860 26214 0 0 0 0 0
25.5279 8 GPS 3 68105499 577978925 0 63400 6 0 0 114035250 32 0
25.5294 8 ENERGY 12.400000 -6.556000 0 -81.294403
25.5782 8 INS -2670 1254 -48 0 0 8044 1542 1110 -37
25.5802 8 HOVER_LOOP 0 0 -2670 1254 0 0 1282 1112 0 0 0 0 0 0 0 0 -0.160645
25.6270 8 ROTORCRAFT_FP 1254 -2670 48 0 0 -8554 103 -103 -655 0 0 48 -655 0 0
25.6290 8 IMU_MAG_RAW 261 333 449
25.6309 8 TUNE_VERT -48 -48 -48 8895
25.6329 8 IMU_ACCEL_RAW -125 297 -2124
25.6778 8 GPS_INT 384208256 79186528 501239136 521389083 116457700 110000 63400 0 0 0 4 0 114035500 260 6 3 0
25.6798 8 VIRT_BARO 200 0.199219 0.199219 101322.609375
25.7286 8 IMU_GYRO_RAW -112 -8 -6
25.7306 8 VERT_LOOP -48 9098 -48 9098 997 -48 9098 0 42860 26214 0 0 0 0 0
25.7779 8 GPS 3 68105498 577978944 0 63400 7 0 0 114035500 32 0
25.7794 8 ENERGY 12.400000 -6.516000 0 -80.798393
25.8282 8 INS -2670 1254 -48 0 0 8267 1028 1379 -745
25.8302 8 HOVER_LOOP 0 0 -2670 1254 0 0 843 84 0 0 0 0 0 0 0 0 -0.155762
25.8321 8 ROTORCRAFT_NAV_STATUS 23 0 11.5 0.0 1 2 3
25.8322 8 IMU_ACCEL_RAW 15 183 -2108
25.8771 8 ROTORCRAFT_FP 1292 -2677 49 0 0 -8597 103 -104 -634 0 0 49 -634 0 0
25.8790 8 IMU_MAG_RAW 254 290 470
25.8809 8 TUNE_VERT -49 -49 -49 8217
25.9278 8 GPS_INT 384208256 79186544 501239136 521389083 116457716 110000 63400 0 0 0 4 0 114035750 260 6 3 0
25.9298 8 VIRT_BARO 200 0.199219 0.199219 101322.609375
25.9317 8 ROTORCRAFT_STATUS 0 153 0 45 3 13 0 1 4 5 124 25
25.9786 8 IMU_GYRO_RAW -133 -52 14
25.9806 8 VERT_LOOP -49 6979 -49 6979 -419 -49 6979 0 42860 26214 0 0 0 0 0
26.0279 8 GPS 3 68105509 577978944 0 63400 8 0 0 114035750 32 0
26.0294 8 ENERGY 12.400000 -6.516000 0 -80.798393
26.0314 8 DL_VALUE 22 0.040000
26.0314 8 IMU_ACCEL_RAW -153 149 -2278
26.0782 8 INS -2677 1292 -49 0 0 5750 -38 926 -55
26.0802 8 HOVER_LOOP 0 0 -2677 1292 0 0 1423 798 0 0 0 0 0 0 0 0 -0.152100
26.1270 8 ROTORCRAFT_FP 1292 -2677 49 0 0 -6260 103 -103 -620 0 0 49 -620 0 0
26.1290 8 IMU_MAG_RAW 255 295 470
26.1310 8 TUNE_VERT -49 -49 -49 8223
26.1778 8 GPS_INT 384208256 79186544 501239136 521389083 116457716 110000 63400 0 0 0 4 0 114036000 260 6 3 0
26.1798 8 VIRT_BARO 200 0.199219 0.199219 101322.609375
26.2286 8 IMU_GYRO_RAW -77 -2 177
26.2306 8 VERT_LOOP -49 6537 -49 6537 -401 -49 6537 0 42860 26214 0 0 0 0 0
26.2306 8 IMU_ACCEL_RAW -109 -56 -2112
26.2779 8 GPS 3 68105509 577978944 0 63400 6 0 0 114036000 32 0
26.2794 8 ENERGY 12.400000 -6.536000 0 -81.046394
26.3282 8 INS -2677 1292 -49 0 0 5627 1285 -150 -195
26.3302 8 HOVER_LOOP 0 0 -2677 1292 0 0 538 685 0 0 0 0 0 0 0 0 -0.149902
26.3771 8 ROTORCRAFT_FP 1292 -2677 49 0 0 -6759 102 -101 -609 0 0 49 -609 0 0
26.3790 8 IMU_MAG_RAW 261 313 466
26.3810 8 TUNE_VERT -49 -49 -49 5885
26.4278 8 GPS_INT 384208256 79186544 501239136 521389083 116457716 110000 63400 0 0 0 4 0 114036250 260 6 3 0
26.4298 8 VIRT_BARO 200 0.199219 0.199219 101322.609375
26.4298 8 IMU_ACCEL_RAW -169 139 -2100
26.4786 8 IMU_GYRO_RAW -2 81 93
26.4806 8 VERT_LOOP -49 6901 -49 6901 801 -49 6901 0 42860 26214 0 0 0 0 0
26.5279 8 GPS 3 68105509 577978944 970 63400 0 0 0 114036250 32 0
26.5294 8 ENERGY 12.400000 -6.496000 0 -80.550392
26.5782 8 INS -2677 1292 -49 0 0 6723 668 1854 238
26.5802 8 HOVER_LOOP 0 0 -2677 1292 0 0 -1006 789 0 0 0 0 0 0 0 0 -0.145752
26.6271 8 ROTORCRAFT_FP 1333 -2685 49 0 0 -9281 102 -102 -594 0 0 49 -594 0 0
26.6290 8 IMU_MAG_RAW 252 316 469
26.6290 8 IMU_ACCEL_RAW -169 86 -2091
26.6310 8 TUNE_VERT -49 -49 -49 7819
26.6778 8 GPS_INT 384208256 79186560 501239136 521389083 116457733 110000 63400 0 0 0 4 0 114036500 260 6 3 0
26.6798 8 VIRT_BARO 200 0.199219 0.199219 101322.609375
26.7286 8 IMU_GYRO_RAW 32 -3 -181
26.7306 8 VERT_LOOP -49 8603 -49 8603 710 -49 8603 0 42860 26214 0 0 0 0 0
26.7779 8 GPS 3 68105521 577978945 0 63400 5 0 0 114036500 32 0
26.7794 8 ENERGY 12.400000 -6.536000 0 -81.046394
26.8282 8 INS -2685 1333 -49 0 0 7187 805 1254 -312
26.8282 8 IMU_ACCEL_RAW -215 86 -2100
26.8302 8 HOVER_LOOP 0 0 -2685 1333 0 0 1752 800 0 0 0 0 0 0 0 0 -0.142122
26.8321 8 ROTORCRAFT_NAV_STATUS 24 0 11.7 0.0 1 2 3
26.8771 8 ROTORCRAFT_FP 1333 -2685 49 0 0 -6541 99 -101 -581 0 0 49 -581 0 0
26.8790 8 IMU_MAG_RAW 259 304 460
26.8810 8 TUNE_VERT -49 -49 -49 7039
26.9278 8 GPS_INT 384208256 79186560 501239136 521389083 116457733 110000 63400 0 0 0 4 0 114036750 260 6 3 0
26.9298 8 VIRT_BARO 200 0.199219 0.199219 101322.609375
26.9317 8 ROTORCRAFT_STATUS 0 153 0 45 3 13 0 1 4 5 124 26
26.9786 8 IMU_GYRO_RAW -138 -100 -213
26.9806 8 VERT_LOOP -49 7067 -49 7067 53 -49 7067 0 42860 26214 0 0 0 0 0
27.0279 8 GPS 3 68105521 577978945 0 63400 6 0 0 114036750 32 0
27.0279 8 IMU_ACCEL_RAW -109 66 -2202
27.0294 8 ENERGY 12.400000 -6.556000 0 -81.294403
27.0313 8 DL_VALUE 23 0.900000
27.0782 8 INS -2685 1333 -49 0 0 6453 1761 988 -121
27.0802 8 HOVER_LOOP 0 0 -2685 1333 0 0 2539 386 0 0 0 0 0 0 0 0 -0.138184
27.1271 8 ROTORCRAFT_FP 1354 -2688 49 0 0 -6497 97 -100 -565 0 0 49 -565 0 0
27.1290 8 IMU_MAG_RAW 270 304 463
27.1310 8 TUNE_VERT -49 -49 -49 7035
27.1778 8 GPS_INT 384208256 79186568 501239136 521389083 116457749 110000 63400 0 0 0 4 0 114037000 260 6 3 0
27.1798 8 VIRT_BARO 200 0.199219 0.199219 101322.609375
27.2267 8 IMU_ACCEL_RAW -312 127 -2025
27.2286 8 IMU_GYRO_RAW -54 -114 185
27.2306 8 VERT_LOOP -49 5646 -49 5646 909 -49 5646 0 42860 26214 0 0 0 0 0
27.2779 8 GPS 3 68105532 577978945 0 63400 6 0 0 114037000 32 0
27.2794 8 ENERGY 12.400000 -6.536000 0 -81.046394
27.3282 8 INS -2688 1354 -49 0 0 7153 1233 1409 71
27.3302 8 HOVER_LOOP 0 0 -2688 1354 0 0 1114 1310 0 0 0 0 0 0 0 0 -0.135254
27.3771 8 ROTORCRAFT_FP 1367 -2557 49 0 0 -6270 95 -99 -548 0 0 49 -548 0 0
27.3790 8 IMU_MAG_RAW 248 295 461
27.3809 8 TUNE_VERT -49 -49 -49 7811
27.4259 8 IMU_ACCEL_RAW -193 271 -1933
27.4278 8 GPS_INT 384208192 79186560 501239136 521389099 116457749 110000 63400 0 0 0 4 0 114037250 260 6 3 0
27.4298 8 VIRT_BARO 200 0.199219 0.199219 101322.609375
27.4786 8 IMU_GYRO_RAW 191 85 317
27.4806 8 VERT_LOOP -49 6475 -49 6475 -789 -49 6475 0 42860 26214 0 0 0 0 0
27.5279 8 GPS 3 68105531 577978963 0 63400 4 0 0 114037250 32 0
27.5294 8 ENERGY 12.400000 -6.576000 0 -81.542397
27.5782 8 INS -2557 1367 -49 0 0 6463 -869 163 957
27.5802 8 HOVER_LOOP 0 0 -2557 1367 0 0 175 687 0 0 0 0 0 0 0 0 -0.131836
27.6251 8 IMU_ACCEL_RAW -166 148 -2064
27.6271 8 ROTORCRAFT_FP 1367 -2557 49 0 0 -5195 95 -99 -536 0 0 49 -536 0 0
27.6290 8 IMU_MAG_RAW 253 311 467
27.6310 8 TUNE_VERT -49 -49 -49 4700
27.6778 8 GPS_INT 384208192 79186560 501239136 521389099 116457749 110000 63400 0 0 0 4 0 114037500 260 6 3 0
27.6798 8 VIRT_BARO 200 0.199219 0.199219 101322.609375
27.7286 8 IMU_GYRO_RAW 62 -63 -237
27.7306 8 VERT_LOOP -49 5626 -49 5626 -363 -49 5626 0 42860 26214 0 0 0 0 0
27.7779 8 GPS 3 68105531 577978963 740 63400 0 0 0 114037500 32 0
27.7794 8 ENERGY 12.400000 -6.556000 0 -81.294403
27.8243 8 IMU_ACCEL_RAW -309 -8 -1821
27.8282 8 INS -2557 1367 -49 0 0 6893 135 318 -966
27.8302 8 HOVER_LOOP 0 0 -2557 1367 0 0 888 310 0 0 0 0 0 0 0 0 -0.127686
27.8321 8 ROTORCRAFT_NAV_STATUS 25 0 11.3 0.0 1 2 3
27.8771 8 ROTORCRAFT_FP 1387 -2560 49 0 0 -4927 93 -98 -523 0 0 49 -523 0 0
27.8790 8 IMU_MAG_RAW 258 318 474
27.8810 8 TUNE_VERT -49 -49 -49 5716
27.9278 8 GPS_INT 384208192 79186568 501239136 521389099 116457766 110000 63400 0 0 0 4 0 114037750 260 6 3 0
27.9298 8 VIRT_BARO 200 0.199219 0.199219 101322.609375
27.9317 8 ROTORCRAFT_STATUS 0 153 0 46 3 13 0 1 4 5 124 27
27.9786 8 IMU_GYRO_RAW -72 -59 -228
27.9806 8 VERT_LOOP -49 5634 -49 5634 -427 -49 5634 0 42860 26214 0 0 0 0 0
28.0235 8 IMU_ACCEL_RAW 16 212 -2143
28.0279 8 GPS 3 68105543 577978963 0 63400 6 0 0 114037750 32 0
28.0294 8 ENERGY 12.400000 -6.536000 0 -81.046394
28.0313 8 DL_VALUE 24 650.000000
28.0782 8 INS -2560 1387 -49 0 0 7464 1395 1065 749
28.0802 8 HOVER_LOOP 0 0 -2560 1387 0 0 1880 1291 0 0 0 0 0 0 0 0 -0.125000
28.1271 8 ROTORCRAFT_FP 1387 -2560 49 0 0 -5224 91 -96 -511 0 0 49 -511 0 0
28.1290 8 IMU_MAG_RAW 261 306 479
28.1310 8 TUNE_VERT -49 -49 -49 6089
28.1778 8 GPS_INT 384208192 79186568 501239136 521389116 116457766 110000 63400 0 0 0 4 0 114038000 260 6 3 0
28.1798 8 VIRT_BARO 200 0.199219 0.199219 101322.609375
28.2228 8 IMU_ACCEL_RAW -81 144 -2055
28.2286 8 IMU_GYRO_RAW 1 -22 172
28.2306 8 VERT_LOOP -49 3971 -49 3971 -629 -49 3971 0 42860 26214 0 0 0 0 0
28.2779 8 GPS 3 68105542 577978982 0 63400 6 0 0 114038000 32 0
28.2794 8 ENERGY 12.400000 -6.576000 0 -81.542397
28.3282 8 INS -2560 1387 -49 0 0 3851 355 -90 1288
28.3302 8 HOVER_LOOP 0 0 -2560 1387 0 0 -201 1599 0 0 0 0 0 0 0 0 -0.122314
28.3771 8 ROTORCRAFT_FP 1387 -2460 49 0 0 -4473 91 -95 -498 0 0 49 -498 0 0
28.3790 8 IMU_MAG_RAW 246 306 464
28.3810 8 TUNE_VERT -49 -49 -49 3186
28.4220 8 IMU_ACCEL_RAW -41 -256 -2015
28.4278 8 GPS_INT 384208192 79186568 501239200 521389133 116457766 110000 63400 0 0 0 4 0 114038250 260 6 3 0
28.4298 8 VIRT_BARO 200 0.199219 0.199219 101322.609375
28.4786 8 IMU_GYRO_RAW 59 30 -235
28.4806 8 VERT_LOOP -49 5690 -49 5690 149 -49 5690 0 42860 26214 0 0 0 0 0
28.5279 8 GPS 3 68105541 577979001 0 63400 6 0 0 114038250 32 0
28.5294 8 ENERGY 12.400000 -6.616000 0 -82.038399
28.5782 8 INS -2460 1387 -49 0 0 4801 418 1784 192
28.5802 8 HOVER_LOOP 0 0 -2460 1387 0 0 72 289 0 0 0 0 0 0 0 0 -0.118896
28.6212 8 IMU_ACCEL_RAW -39 -97 -2089
28.6271 8 ROTORCRAFT_FP 1387 -2460 49 0 0 -5169 90 -96 -487 0 0 49 -487 0 0
28.6290 8 IMU_MAG_RAW 259 294 476
28.6310 8 TUNE_VERT -49 -49 -49 4040
28.6778 8 GPS_INT 384208192 79186568 501239200 521389133 116457766 110000 63400 0 0 0 4 0 114038500 260 6 3 0
28.6798 8 VIRT_BARO 200 0.199219 0.199219 101322.609375
28.7286 8 IMU_GYRO_RAW -23 -89 71
28.7306 8 VERT_LOOP -49 3736 -49 3736 567 -49 3736 0 42860 26214 0 0 0 0 0
28.7779 8 GPS 3 68105541 577979001 0 63400 6 0 0 114038500 32 0
28.7794 8 ENERGY 12.400000 -6.536000 0 -81.046394
28.8204 8 IMU_ACCEL_RAW -98 55 -2128
28.8282 8 INS -2460 1387 -50 0 0 2255 943 591 672
28.8302 8 HOVER_LOOP 0 0 -2460 1387 0 0 1157 593 0 0 0 0 0 0 0 0 -0.116455
28.8321 8 ROTORCRAFT_NAV_STATUS 26 0 11.0 0.0 1 2 3
28.8771 8 ROTORCRAFT_FP 1367 -2457 50 0 0 -2101 88 -93 -473 0 0 50 -473 0 0
28.8790 8 IMU_MAG_RAW 259 302 473
28.8810 8 TUNE_VERT -50 -50 -50 3246
28.9278 8 GPS_INT 384208192 79186560 501239200 521389150 116457749 110000 63400 0 0 0 4 0 114038750 519 6 3 0
28.9298 8 VIRT_BARO 200 0.199219 0.199219 101322.609375
28.9317 8 ROTORCRAFT_STATUS 0 153 0 45 3 13 0 1 4 5 124 28
28.9786 8 IMU_GYRO_RAW 164 91 308
28.9806 8 VERT_LOOP -50 1213 -50 1213 -406 -50 1213 0 42860 26214 0 0 0 0 0
29.0196 8 IMU_ACCEL_RAW -54 80 -2198
29.0279 8 GPS 3 68105529 577979020 3451 63400 0 0 0 114038750 32 0
29.0294 8 ENERGY 12.300000 -6.616000 0 -81.376801
29.0313 8 DL_VALUE 26 0.000000
29.0782 8 INS -2457 1367 -50 0 0 1685 448 -225 -6
29.0802 8 HOVER_LOOP 0 0 -2457 1367 0 0 -116 1012 0 0 0 0 0 0 0 0 -0.114258
29.1271 8 ROTORCRAFT_FP 1367 -2457 50 0 0 -2435 88 -93 -468 0 0 50 -468 0 0
29.1290 8 IMU_MAG_RAW 261 317 473
29.1310 8 TUNE_VERT -50 -50 -50 2064
29.1778 8 GPS_INT 384208192 79186560 501239200 521389150 116457749 110000 63400 0 0 0 4 0 114039000 519 6 3 0
29.1798 8 VIRT_BARO 200 0.199219 0.199219 101322.609375
29.2189 8 IMU_ACCEL_RAW -131 93 -2008
29.2286 8 IMU_GYRO_RAW -5 -107 9
29.2306 8 VERT_LOOP -50 1969 -50 1969 1006 -50 1969 0 42860 26214 0 0 0 0 0
29.2345 8 GEO_MAG 0.355608 -0.023020 0.934352 4
29.2779 8 GPS 3 68105529 577979020 0 63400 8 0 0 114039000 32 0
29.2794 8 ENERGY 12.400000 -6.576000 0 -81.542397
29.3282 8 INS -2457 1367 -50 0 0 3982 -892 603 230
29.3302 8 HOVER_LOOP 0 0 -2457 1367 0 0 690 1196 0 0 0 0 0 0 0 0 -0.111816
29.3771 8 ROTORCRAFT_FP 1367 -2457 50 0 0 -2302 85 -92 -453 0 0 50 -453 0 0
29.3790 8 IMU_MAG_RAW 263 295 463
29.3810 8 TUNE_VERT -50 -50 -50 2931
29.4181 8 IMU_ACCEL_RAW -5 37 -2086
29.4278 8 GPS_INT 384208192 79186560 501239200 521389150 116457749 110000 63400 0 0 0 4 0 114039250 519 6 3 0
29.4298 8 VIRT_BARO 200 0.199219 0.199219 101322.609375
29.4337 8 DATALINK_REPORT 29 0 0 64911 0 0
29.4337 8 I2C_ERRORS 0 0 15 0 0 0 0 0 0 0 0 1
29.4786 8 IMU_GYRO_RAW -15 1 -318
29.4806 8 VERT_LOOP -50 2900 -50 2900 -971 -50 2900 0 42860 26214 0 0 0 0 0
29.5279 8 GPS 3 68105529 577979020 0 63400 8 0 0 114039250 32 0
29.5294 8 ENERGY 12.400000 -6.596000 0 -81.790398
29.5333 8 WP_MOVED_ENU 4 -2240 2531 512
29.5782 8 INS -2457 1367 -50 0 0 3405 331 1351 37
29.5802 8 HOVER_LOOP 0 0 -2457 1367 0 0 919 -546 0 0 0 0 0 0 0 0 -0.107422
29.6173 8 IMU_ACCEL_RAW -166 132 -1920
29.6271 8 ROTORCRAFT_FP 1367 -2457 50 0 0 -2700 83 -91 -442 0 0 50 -442 0 0
29.6290 8 IMU_MAG_RAW 271 313 477
29.6310 8 TUNE_VERT -50 -50 -50 2436
29.6329 8 ALIVE 220,22,224,73,231,114,167,216,234,177,116,77,23,30,29,181
29.6778 8 GPS_INT 384208192 79186560 501239200 521389150 116457749 110000 63400 0 0 0 4 0 114039500 519 6 3 0
29.6798 8 VIRT_BARO 200 0.199219 0.199219 101322.609375
29.7286 8 IMU_GYRO_RAW -61 -82 -94
29.7306 8 VERT_LOOP -50 3450 -50 3450 -746 -50 3450 0 42860 26214 0 0 0 0 0
29.7325 8 AUTOPILOT_VERSION 50700 "v5.7_devel-2399-gfc26e4ae2-dirty"
29.7779 8 GPS 3 68105529 577979020 0 63400 5 0 0 114039500 32 0
29.7794 8 ENERGY 12.400000 -6.616000 0 -82.038399
29.8165 8 IMU_ACCEL_RAW 27 -3 -1958
29.8282 8 INS -2457 1367 -50 0 0 4525 316 -33 1504
29.8302 8 HOVER_LOOP 0 0 -2457 1367 0 0 472 237 0 0 0 0 0 0 0 0 -0.104736
29.8321 8 ROTORCRAFT_NAV_STATUS 27 0 11.0 0.0 1 2 3
29.8771 8 ROTORCRAFT_FP 1367 -2457 50 0 0 -5017 83 -88 -428 0 0 50 -428 0 0
29.8790 8 IMU_MAG_RAW 256 292 462
29.8810 8 TUNE_VERT -50 -50 -50 5167
29.9278 8 GPS_INT 384208192 79186560 501239200 521389150 116457749 110000 63400 0 0 0 4 0 114039750 519 6 3 0
29.9298 8 VIRT_BARO 200 0.199219 0.199219 101322.609375
29.9318 8 ROTORCRAFT_STATUS 0 153 0 45 3 13 0 1 4 5 123 29
29.9786 8 IMU_GYRO_RAW 19 -81 -90
29.9806 8 VERT_LOOP -50 5192 -50 5192 -113 -50 5192 0 42860 26214 0 0 0 0 0
30.0157 8 IMU_ACCEL_RAW 78 -26 -2015
30.0279 8 GPS 3 68105529 577979020 0 63400 6 0 0 114039750 32 0
30.0294 8 ENERGY 12.300000 -6.636000 0 -81.622803
30.0314 8 DL_VALUE 27 300.000000
30.0782 8 INS -2457 1367 -50 0 0 4728 2367 177 -455
30.0802 8 HOVER_LOOP 0 0 -2457 1367 0 0 1626 691 0 0 0 0 0 0 0 0 -0.102539
30.1271 8 ROTORCRAFT_FP 1367 -2457 50 0 0 -4106 79 -85 -418 0 0 50 -418 0 0
30.1290 8 IMU_MAG_RAW 255 299 473
30.1310 8 TUNE_VERT -50 -50 -50 5478
30.1778 8 GPS_INT 384208192 79186560 501239200 521389166 116457749 110000 63400 0 0 0 4 0 114040000 260 6 3 0
30.1798 8 VIRT_BARO 200 0.199219 0.199219 101322.609375
30.2149 8 IMU_ACCEL_RAW -263 300 -1874
30.2286 8 IMU_GYRO_RAW -55 5 11
30.2306 8 VERT_LOOP -50 5446 -50 5446 179 -50 5446 0 42860 26214 0 0 0 0 0
30.2779 8 GPS 3 68105528 577979038 3136 63400 0 0 0 114040000 32 0
30.2794 8 ENERGY 12.300000 -6.676000 0 -82.114799
30.3282 8 INS -2457 1367 -49 0 0 6104 764 339 -1045
30.3302 8 HOVER_LOOP 0 0 -2457 1367 0 0 529 1083 0 0 0 0 0 0 0 0 -0.099854
30.3771 8 ROTORCRAFT_FP 1323 -2383 49 0 0 -7104 77 -85 -410 0 0 49 -410 0 0
30.3790 8 IMU_MAG_RAW 248 308 470
30.3810 8 TUNE_VERT -49 -49 -49 7525
30.4142 8 IMU_ACCEL_RAW 143 -78 -1759
30.4278 8 GPS_INT 384208160 79186536 501239200 521389183 116457733 110000 63400 0 0 0 4 0 114040250 260 6 3 0
30.4298 8 VIRT_BARO 200 0.199219 0.199219 101322.609375
30.4786 8 IMU_GYRO_RAW -127 -12 -169
30.4806 8 VERT_LOOP -49 8225 -49 8225 -395 -49 8225 0 42860 26214 0 0 0 0 0
30.5279 8 GPS 3 68105517 577979056 0 63400 14 0 0 114040250 32 0
30.5294 8 ENERGY 12.400000 -6.556000 0 -81.294403
30.5782 8 INS -2383 1323 -49 0 0 8368 -203 1061 798
30.5802 8 HOVER_LOOP 0 0 -2383 1323 0 0 -649 515 0 0 0 0 0 0 0 0 -0.096924
30.6134 8 IMU_ACCEL_RAW -145 135 -2102
30.6271 8 ROTORCRAFT_FP 1303 -2380 49 0 0 -7296 77 -84 -395 0 0 49 -395 0 0
30.6290 8 IMU_MAG_RAW 252 314 472
30.6310 8 TUNE_VERT -49 -49 -49 7410
30.6778 8 GPS_INT 384208160 79186528 501239200 521389183 116457716 110000 63400 0 0 0 4 0 114040500 260 6 3 0
30.6798 8 VIRT_BARO 200 0.199219 0.199219 101322.609375
30.7286 8 IMU_GYRO_RAW -7 -38 -130
30.7306 8 VERT_LOOP -49 8207 -49 8207 424 -49 8207 0 42860 26214 0 0 0 0 0
30.7779 8 GPS 3 68105505 577979056 0 63400 15 0 0 114040500 32 0
30.7794 8 ENERGY 12.400000 -6.636000 0 -82.286400
30.8126 8 IMU_ACCEL_RAW -168 66 -1838
30.8282 8 INS -2380 1303 -49 0 0 8494 1139 1108 746
30.8302 8 HOVER_LOOP 0 0 -2380 1303 0 0 1201 -15 0 0 0 0 0 0 0 0 -0.094971
30.8321 8 ROTORCRAFT_NAV_STATUS 28 0 10.6 0.0 1 2 3
30.8771 8 ROTORCRAFT_FP 1303 -2380 49 0 0 -9383 74 -82 -386 0 0 49 -386 0 0
30.8790 8 IMU_MAG_RAW 269 296 476
30.8810 8 TUNE_VERT -49 -49 -49 9088
30.9278 8 GPS_INT 384208160 79186528 501239200 521389183 116457716 110000 63400 0 0 0 4 0 114040750 260 6 3 0
30.9298 8 VIRT_BARO 200 0.199219 0.199219 101322.609375
30.9317 8 ROTORCRAFT_STATUS 0 153 0 46 3 13 0 1 4 5 123 30
30.9786 8 IMU_GYRO_RAW 49 71 343
30.9806 8 VERT_LOOP -49 8333 -49 8333 490 -49 8333 0 42860 26214 0 0 0 0 0
31.0118 8 IMU_ACCEL_RAW 168 148 -1972
31.0279 8 GPS 3 68105505 577979056 0 63400 15 0 0 114040750 32 0
31.0294 8 ENERGY 12.300000 -6.676000 0 -82.114799
31.0314 8 DL_VALUE 29 300.000000
31.0782 8 INS -2380 1303 -49 0 0 8014 931 242 -382
31.0802 8 HOVER_LOOP 0 0 -2380 1303 0 0 367 1717 0 0 0 0 0 0 0 0 -0.092285
31.1271 8 ROTORCRAFT_FP 1303 -2380 49 0 0 -8485 73 -82 -376 0 0 49 -376 0 0
31.1290 8 IMU_MAG_RAW 253 317 464
31.1310 8 TUNE_VERT -49 -49 -49 8313
31.1778 8 GPS_INT 384208160 79186528 501239200 521389200 116457716 110000 63400 0 0 0 4 0 114041000 260 6 3 0
31.1798 8 VIRT_BARO 200 0.199219 0.199219 101322.609375
31.2110 8 IMU_ACCEL_RAW -246 -107 -1940
31.2286 8 IMU_GYRO_RAW -17 26 64
31.2306 8 VERT_LOOP -49 6906 -49 6906 166 -49 6906 0 42860 26214 0 0 0 0 0
31.2779 8 GPS 3 68105504 577979075 0 63400 15 0 0 114041000 32 0
31.2794 8 ENERGY 12.300000 -6.676000 0 -82.114799
31.3282 8 INS -2380 1303 -49 0 0 6527 -470 1242 -96
31.3302 8 HOVER_LOOP 0 0 -2380 1303 0 0 -326 190 0 0 0 0 0 0 0 0 -0.088867
31.3771 8 ROTORCRAFT_FP 1303 -2380 49 0 0 -7713 73 -82 -364 0 0 49 -364 0 0
31.3790 8 IMU_MAG_RAW 249 287 481
31.3810 8 TUNE_VERT -49 -49 -49 6531
31.4103 8 IMU_ACCEL_RAW -71 324 -2202
31.4278 8 GPS_INT 384208160 79186528 501239200 521389200 116457716 110000 63400 0 0 0 4 0 114041250 260 6 3 0
31.4298 8 VIRT_BARO 200 0.199219 0.199219 101322.609375
31.4786 8 IMU_GYRO_RAW 30 -147 12
31.4806 8 VERT_LOOP -49 7609 -49 7609 -120 -49 7609 0 42860 26214 0 0 0 0 0
31.5279 8 GPS 3 68105504 577979075 3172 63400 0 0 0 114041250 32 0
31.5294 8 ENERGY 12.300000 -6.696000 0 -82.360802
31.5782 8 INS -2380 1303 -49 0 0 7275 3 933 746
31.5802 8 HOVER_LOOP 0 0 -2380 1303 0 0 1039 -419 0 0 0 0 0 0 0 0 -0.086670
31.6095 8 IMU_ACCEL_RAW -77 160 -1955
31.6271 8 ROTORCRAFT_FP 1303 -2380 49 0 0 -7567 71 -80 -351 0 0 49 -351 0 0
31.6290 8 IMU_MAG_RAW 266 291 469
31.6310 8 TUNE_VERT -49 -49 -49 6726
31.6778 8 GPS_INT 384208160 79186528 501239200 521389200 116457716 110000 63400 0 0 0 4 0 114041500 260 6 3 0
31.6798 8 VIRT_BARO 200 0.199219 0.199219 101322.609375
31.7286 8 IMU_GYRO_RAW 48 -72 162
31.7306 8 VERT_LOOP -49 5615 -49 5615 455 -49 5615 0 42860 26214 0 0 0 0 0
31.7779 8 GPS 3 68105504 577979075 0 63400 14 0 0 114041500 32 0
31.7794 8 ENERGY 12.300000 -6.736000 0 -82.852798
31.8087 8 IMU_ACCEL_RAW 142 86 -2093
31.8282 8 INS -2380 1303 -49 0 0 5942 -459 37 330
31.8302 8 HOVER_LOOP 0 0 -2380 1303 0 0 367 1058 0 0 0 0 0 0 0 0 -0.084473
31.8321 8 ROTORCRAFT_NAV_STATUS 29 0 10.6 0.0 1 2 3
31.8771 8 ROTORCRAFT_FP 1303 -2380 49 0 0 -4900 69 -78 -342 0 0 49 -342 0 0
31.8790 8 IMU_MAG_RAW 263 311 470
31.8810 8 TUNE_VERT -49 -49 -49 4586
31.9278 8 GPS_INT 384208160 79186520 501239200 521389200 116457700 110000 63400 0 0 0 4 0 114041750 260 6 3 0
31.9298 8 VIRT_BARO 200 0.199219 0.199219 101322.609375
31.9317 8 ROTORCRAFT_STATUS 0 152 0 45 3 13 0 1 4 5 124 31
31.9786 8 IMU_GYRO_RAW 76 -3 -180
31.9806 8 VERT_LOOP -49 4399 -49 4399 -521 -49 4399 0 42860 26214 0 0 0 0 0
32.0079 8 IMU_ACCEL_RAW -22 -13 -2027
32.0279 8 GPS 3 68105493 577979074 0 63400 15 0 0 114041750 32 0
32.0294 8 ENERGY 12.400000 -6.656000 0 -82.534401
32.0314 8 DL_VALUE 30 0.000000
