33.1134 8 ROTORCRAFT_FP -20 2 -44 0 0 -18212 -239 53 20 0 0 -44 20 0 0
33.1153 8 IMU_MAG_RAW 310 428 265
33.1173 8 TUNE_VERT 44 44 44 18290
33.1642 8 GPS_INT 384207488 79186376 501239200 521389650 116457700 105600 59000 0 0 0 4 0 113248500 163 8 3 0
33.1661 8 VIRT_BARO 200 0.199219 0.199219 101322.609375
33.1681 8 ROTORCRAFT_STATUS 0 152 0 45 3 13 0 1 4 5 118 33
33.2150 8 IMU_GYRO_RAW -35 -23 -305
33.2169 8 VERT_LOOP 33 -18791 33 -18791 -3507 33 -18791 0 42860 26214 0 0 0 0 0
33.2286 8 IMU_ACCEL_RAW 698 -136 -2142
33.2643 8 GPS 3 68105475 577979575 0 59000 0 0 0 113248500 32 0
33.2657 8 ENERGY 11.700000 -1.297000 0 -15.174900
33.2677 8 DL_VALUE 34 0.000000
33.3146 8 INS 2 -20 24 0 0 -37593 -2169 -2663 63
33.3165 8 HOVER_LOOP 0 0 2 -20 0 0 274 -2781 0 0 0 0 0 0 0 0 0.003906
33.3634 8 ROTORCRAFT_FP -20 2 -23 0 0 41136 -238 55 11 0 0 -23 11 0 0
33.3653 8 IMU_MAG_RAW 298 429 247
33.3673 8 TUNE_VERT 22 22 22 -38145
33.4142 8 GPS_INT 384207488 79186376 501239200 521389650 116457700 105600 59000 0 0 0 4 0 113248750 163 8 3 0
33.4161 8 VIRT_BARO 200 0.199219 0.199219 101322.609375
33.4278 8 IMU_ACCEL_RAW 86 198 -2498
33.4650 8 IMU_GYRO_RAW 84 -71 -314
33.4669 8 VERT_LOOP 14 -62951 14 -62951 -1552 14 -62951 0 42860 26214 0 0 0 0 0
33.5143 8 GPS 3 68105475 577979575 0 59000 1 0 0 113248750 32 0
33.5157 8 ENERGY 11.800000 -2.397000 0 -28.284601
33.5646 8 INS 2 -20 7 0 0 -74825 1210 1717 -1884
33.5665 8 HOVER_LOOP 0 0 2 -20 0 0 995 723 0 0 0 0 0 0 0 0 0.001884
33.6134 8 ROTORCRAFT_FP -20 2 -4 0 0 76713 -238 53 14 0 0 -4 14 0 0
33.6154 8 IMU_MAG_RAW 303 413 249
33.6173 8 TUNE_VERT 4 4 4 -80059
33.6271 8 IMU_ACCEL_RAW 570 -186 -2267
33.6642 8 GPS_INT 384207488 79186376 501239200 521389650 116457700 105600 59000 0 0 0 4 0 113249000 163 8 3 0
33.6661 8 VIRT_BARO 200 0.199219 0.199219 101322.609375
33.7150 8 IMU_GYRO_RAW -108 -120 17
33.7169 8 VERT_LOOP 0 -80235 0 -80235 1910 0 -80235 0 42860 26214 0 0 0 0 0
33.7643 8 GPS 3 68105475 577979575 0 59000 1 0 0 113249000 32 0
33.7657 8 ENERGY 11.800000 -2.317000 0 -27.340599
33.8146 8 INS 2 -20 -2 0 0 -76051 -1205 -3254 2215
33.8165 8 HOVER_LOOP 0 0 2 -20 0 0 1106 -4448 0 0 0 0 0 0 0 0 0.004395
33.8263 8 IMU_ACCEL_RAW -86 149 -1550
33.8634 8 ROTORCRAFT_FP -20 2 4 0 0 78510 -234 52 26 0 0 4 26 0 0
33.8653 8 IMU_MAG_RAW 291 429 257
33.8673 8 TUNE_VERT -4 -4 -4 -78129
33.9142 8 GPS_INT 384207520 79186360 501239200 521389633 116457683 105600 59000 0 0 0 4 0 113249250 163 8 3 0
33.9161 8 VIRT_BARO 200 0.199219 0.199219 101322.609375
33.9650 8 IMU_GYRO_RAW -56 83 96
33.9669 8 VERT_LOOP -6 -70634 -6 -70634 311 -6 -70634 0 42860 26214 0 0 0 0 0
34.0143 8 GPS 3 68105464 577979555 0 59000 1 0 0 113249250 32 0
34.0157 8 ENERGY 11.800000 -2.097000 0 -24.744598
34.0255 8 IMU_ACCEL_RAW 1035 -172 -1775
34.0646 8 INS -53 -76 -8 0 0 -63862 -299 -2022 -814
34.0665 8 HOVER_LOOP 0 0 -53 -76 0 0 900 -600 0 0 0 0 0 0 0 0 0.013916
34.0685 8 ROTORCRAFT_NAV_STATUS 2 0 0.4 0.0 2 2 3
34.1134 8 ROTORCRAFT_FP -76 -53 7 0 0 59135 -235 54 58 0 0 7 58 0 0
34.1153 8 IMU_MAG_RAW 303 423 253
34.1173 8 TUNE_VERT -7 -7 -7 -55465
34.1642 8 GPS_INT 384207520 79186360 501239200 521389633 116457683 105600 59000 0 0 0 4 0 113249500 163 8 3 0
34.1661 8 VIRT_BARO 200 0.199219 0.199219 101322.609375
34.1681 8 ROTORCRAFT_STATUS 0 152 0 45 3 13 0 1 4 5 118 34
34.2150 8 IMU_GYRO_RAW 5 30 287
34.2169 8 VERT_LOOP -7 -46218 -7 -46218 -295 -7 -46218 0 42860 26214 0 0 0 0 0
34.2247 8 IMU_ACCEL_RAW -565 147 -2076
34.2643 8 GPS 3 68105464 577979555 0 59000 1 0 0 113249500 32 0
34.2657 8 ENERGY 11.800000 -2.357000 0 -27.812601
34.2677 8 DL_VALUE 36 6.981317
34.3146 8 INS -53 -76 -7 0 0 -38664 -254 -4335 235
34.3165 8 HOVER_LOOP 0 0 -53 -76 0 0 754 -2872 0 0 0 0 0 0 0 0 0.017334
34.3634 8 ROTORCRAFT_FP -76 -53 8 0 0 36919 -238 56 73 0 0 8 73 0 0
34.3654 8 IMU_MAG_RAW 301 414 255
34.3673 8 TUNE_VERT -8 -8 -8 -33802
34.4142 8 GPS_INT 384207520 79186360 501239200 521389633 116457683 105600 59000 0 0 0 4 0 113249750 163 8 3 0
34.4161 8 VIRT_BARO 200 0.199219 0.199219 101322.609375
34.4240 8 IMU_ACCEL_RAW 115 -3 -2280
34.4650 8 IMU_GYRO_RAW -1 380 -319
34.4669 8 VERT_LOOP -7 -35384 -7 -35384 -3483 -7 -35384 0 42860 26214 0 0 0 0 0
34.5143 8 GPS 3 68105464 577979555 0 59000 2 0 0 113249750 32 0
34.5157 8 ENERGY 11.800000 -2.197000 0 -25.924601
34.5646 8 INS -53 -76 -7 0 0 -30083 968 362 -1282
34.5665 8 HOVER_LOOP 0 0 -53 -76 0 0 1766 3161 0 0 0 0 0 0 0 0 0.018555
34.6134 8 ROTORCRAFT_FP -76 -53 5 0 0 21033 -235 56 80 0 0 5 80 0 0
34.6154 8 IMU_MAG_RAW 313 427 258
34.6173 8 TUNE_VERT -6 -6 -6 -23339
34.6232 8 IMU_ACCEL_RAW -204 -102 -1773
34.6642 8 GPS_INT 384207520 79186360 501239200 521389616 116457666 105700 59100 0 0 0 4 0 113250000 163 8 3 0
34.6661 8 VIRT_BARO 200 0.199219 0.199219 101322.609375
34.7150 8 IMU_GYRO_RAW -216 126 -6
34.7169 8 VERT_LOOP -5 -16840 -5 -16840 2771 -5 -16840 0 42860 26214 0 0 0 0 0
34.7643 8 GPS 3 68105453 577979536 0 59100 1 0 0 113250000 32 0
34.7657 8 ENERGY 11.800000 -2.277000 0 -26.868599
34.8146 8 INS -53 -76 -4 0 0 -8525 -1280 -1928 794
34.8165 8 HOVER_LOOP 0 0 -53 -76 0 0 -425 -480 0 0 0 0 0 0 0 0 0.021484
34.8224 8 IMU_ACCEL_RAW -382 264 -2431
34.8634 8 ROTORCRAFT_FP -76 -53 4 0 0 7607 -230 57 88 0 0 4 88 0 0
34.8654 8 IMU_MAG_RAW 310 410 263
34.8673 8 TUNE_VERT -4 -4 -4 -9887
34.9142 8 GPS_INT 384207520 79186360 501239200 521389616 116457666 105700 59100 0 0 0 4 0 113250250 163 8 3 0
34.9161 8 VIRT_BARO 200 0.199219 0.199219 101322.609375
34.9650 8 IMU_GYRO_RAW -73 71 29
34.9669 8 VERT_LOOP -3 440 -3 440 1832 -3 440 0 42860 26214 0 0 0 0 0
35.0143 8 GPS 3 68105453 577979536 0 59100 4 0 0 113250250 32 0
35.0157 8 ENERGY 11.800000 -2.117000 0 -24.980602
35.0216 8 IMU_ACCEL_RAW 66 39 -1547
35.0646 8 INS -53 -76 -2 0 0 6641 183 229 1139
35.0665 8 HOVER_LOOP 0 0 -53 -76 0 0 -337 2306 0 0 0 0 0 0 0 0 0.022949
35.0685 8 ROTORCRAFT_NAV_STATUS 3 0 0.4 0.0 2 2 3
35.1134 8 ROTORCRAFT_FP -76 -53 2 0 0 -7763 -223 60 88 0 0 2 88 0 0
35.1154 8 IMU_MAG_RAW 294 426 258
35.1173 8 TUNE_VERT -1 -1 -1 11449
35.1642 8 GPS_INT 384207520 79186360 501239200 521389616 116457666 105700 59100 0 0 0 4 0 113250500 163 8 3 0
35.1661 8 VIRT_BARO 200 0.199219 0.199219 101322.609375
35.1681 8 ROTORCRAFT_STATUS 0 152 0 45 3 13 0 1 4 5 118 35
35.2150 8 IMU_GYRO_RAW 39 56 240
35.2169 8 VERT_LOOP 0 17038 0 17038 977 0 17038 0 42860 26214 0 0 0 0 0
35.2208 8 IMU_ACCEL_RAW 460 -277 -1866
35.2643 8 GPS 3 68105453 577979536 0 59100 4 0 0 113250500 32 0
35.2657 8 ENERGY 11.800000 -2.197000 0 -25.924601
35.2677 8 DL_VALUE 37 0.850000
35.3146 8 INS -53 -76 0 0 0 18696 -1725 -2260 3023
35.3165 8 HOVER_LOOP 0 0 -53 -76 0 0 -428 -1659 0 0 0 0 0 0 0 0 0.021973
35.3634 8 ROTORCRAFT_FP -76 -53 0 0 0 -19923 -226 60 83 0 0 0 83 0 0
35.3654 8 IMU_MAG_RAW 310 415 266
35.3673 8 TUNE_VERT 0 0 0 20766
35.4142 8 GPS_INT 384207520 79186360 501239200 521389616 116457666 105700 59100 0 0 0 4 0 113250750 163 8 3 0
35.4161 8 VIRT_BARO 200 0.199219 0.199219 101322.609375
35.4200 8 IMU_ACCEL_RAW -839 495 -1734
35.4650 8 IMU_GYRO_RAW -7 76 270
35.4669 8 VERT_LOOP 1 20488 1 20488 335 1 20488 0 42860 26214 0 0 0 0 0
35.5143 8 GPS 3 68105453 577979536 0 59100 1 0 0 113250750 32 0
35.5157 8 ENERGY 11.800000 -2.257000 0 -26.632601
35.5646 8 INS -53 -76 1 0 0 24590 -379 -657 853
35.5665 8 HOVER_LOOP 0 0 -53 -76 0 0 -1974 1924 0 0 0 0 0 0 0 0 0.020508
35.6134 8 ROTORCRAFT_FP -76 -53 -1 0 0 -20186 -223 60 80 0 0 -1 80 0 0
35.6154 8 IMU_MAG_RAW 310 423 263
35.6173 8 TUNE_VERT 1 1 1 21916
35.6193 8 IMU_ACCEL_RAW 542 -196 -2011
35.6642 8 GPS_INT 384207520 79186360 501239200 521389616 116457666 105700 59100 0 0 0 4 0 113251000 163 8 3 0
35.6661 8 VIRT_BARO 200 0.199219 0.199219 101322.609375
35.7150 8 IMU_GYRO_RAW 16 109 455
35.7169 8 VERT_LOOP 2 26045 2 26045 2333 2 26045 0 42860 26214 0 0 0 0 0
35.7643 8 GPS 3 68105453 577979536 0 59100 0 0 0 113251000 32 0
35.7657 8 ENERGY 11.800000 -2.237000 0 -26.396601
35.8146 8 INS -53 -76 2 0 0 26292 -566 -470 -1171
35.8165 8 HOVER_LOOP 0 0 -53 -76 0 0 -79 2662 0 0 0 0 0 0 0 0 0.019775
35.8185 8 IMU_ACCEL_RAW -680 575 -2212
35.8634 8 ROTORCRAFT_FP -76 -53 -3 0 0 -26375 -224 61 82 0 0 -3 82 0 0
35.8654 8 IMU_MAG_RAW 309 426 259
35.8673 8 TUNE_VERT 3 3 3 28069
35.9142 8 GPS_INT 384207520 79186360 501239200 521389616 116457666 105700 59100 0 0 0 4 0 113251250 163 8 3 0
35.9161 8 VIRT_BARO 200 0.199219 0.199219 101322.609375
35.9650 8 IMU_GYRO_RAW 34 53 -530
35.9669 8 VERT_LOOP 3 27895 3 27895 -3532 3 27895 0 42860 26214 0 0 0 0 0
36.0143 8 GPS 3 68105453 577979536 0 59100 1 0 0 113251250 32 0
36.0158 8 ENERGY 11.700000 -2.257000 0 -26.406898
36.0177 8 IMU_ACCEL_RAW -185 -128 -2067
36.0646 8 INS -53 -76 4 0 0 23827 302 5547 -264
36.0665 8 HOVER_LOOP 0 0 -53 -76 0 0 281 5425 0 0 0 0 0 0 0 0 0.017334
36.0685 8 ROTORCRAFT_NAV_STATUS 4 0 0.4 0.0 2 2 3
36.1134 8 ROTORCRAFT_FP -76 -53 -3 0 0 -24832 -223 61 76 0 0 -3 76 0 0
36.1154 8 IMU_MAG_RAW 296 402 290
36.1173 8 TUNE_VERT 3 3 3 23873
36.1642 8 GPS_INT 384207520 79186360 501239200 521389616 116457666 105700 59100 0 0 0 4 0 113251500 163 8 3 0
36.1661 8 VIRT_BARO 200 0.199219 0.199219 101322.609375
36.1681 8 ROTORCRAFT_STATUS 0 152 0 46 3 13 0 1 4 5 118 36
36.2150 8 IMU_GYRO_RAW 19 -113 -49
36.2169 8 VERT_LOOP 3 20300 3 20300 -1345 3 20300 0 42860 26214 0 0 0 0 0
36.2170 8 IMU_ACCEL_RAW -405 -119 -2314
36.2643 8 GPS 3 68105453 577979536 0 59100 1 0 0 113251500 32 0
36.2658 8 ENERGY 11.800000 -2.357000 0 -27.812601
36.2677 8 DL_VALUE 39 0.850000
36.3146 8 INS -53 -76 3 0 0 22725 -1082 3087 714
36.3165 8 HOVER_LOOP 0 0 -53 -76 0 0 -214 865 0 0 0 0 0 0 0 0 0.017578
36.3634 8 ROTORCRAFT_FP -76 -53 -4 0 0 -25745 -224 62 78 0 0 -4 78 0 0
36.3654 8 IMU_MAG_RAW 299 432 265
36.3673 8 TUNE_VERT 4 4 4 23474
36.4142 8 GPS_INT 384207520 79186360 501239200 521389616 116457666 105700 59100 0 0 0 4 0 113251750 163 8 3 0
36.4161 8 VIRT_BARO 200 0.199219 0.199219 101322.609375
36.4161 8 IMU_ACCEL_RAW -303 -142 -1646
36.4650 8 IMU_GYRO_RAW -26 -229 -484
36.4669 8 VERT_LOOP 4 22674 4 22674 -1822 4 22674 0 42860 26214 0 0 0 0 0
36.4708 8 GEO_MAG 0.355609 -0.023019 0.934352 4
36.5143 8 GPS 3 68105453 577979536 0 59100 1 0 0 113251750 32 0
36.5157 8 ENERGY 11.800000 -2.277000 0 -26.868599
36.5646 8 INS -53 -76 4 0 0 21194 1158 7265 -732
36.5665 8 HOVER_LOOP 0 0 -53 -76 0 0 168 6139 0 0 0 0 0 0 0 0 0.015869
36.6134 8 ROTORCRAFT_FP -76 -53 -4 0 0 -20871 -224 62 69 0 0 -4 69 0 0
36.6154 8 IMU_MAG_RAW 312 428 261
36.6154 8 IMU_ACCEL_RAW -617 -306 -2043
36.6173 8 TUNE_VERT 4 4 4 18138
36.6642 8 GPS_INT 384207584 79186368 501239136 521389600 116457666 105700 59100 0 0 0 4 0 113252000 163 8 3 0
36.6661 8 VIRT_BARO 200 0.199219 0.199219 101322.609375
36.7150 8 IMU_GYRO_RAW -46 -196 -245
36.7169 8 VERT_LOOP 4 14640 4 14640 -651 4 14640 0 42860 26214 0 0 0 0 0
36.7643 8 GPS 3 68105454 577979518 0 59100 0 0 0 113252000 32 0
36.7657 8 ENERGY 11.800000 -2.217000 0 -26.160601
36.7697 8 WP_MOVED_ENU 1 0 0 512
36.8146 8 INS -284 -89 3 0 0 15566 -1057 3934 2185
36.8146 8 IMU_ACCEL_RAW -881 -167 -1566
36.8165 8 HOVER_LOOP 0 0 -284 -89 0 0 -714 -168 0 0 0 0 0 0 0 0 0.016602
36.8634 8 ROTORCRAFT_FP -89 -284 -4 0 0 -19559 -224 62 69 0 0 -4 69 0 0
36.8654 8 IMU_MAG_RAW 300 431 255
36.8673 8 TUNE_VERT 4 4 4 16232
36.8693 8 DATALINK_REPORT 12 1 0 61713 0 0
36.8693 8 ALIVE 220,22,224,73,231,114,167,216,234,177,116,77,23,30,29,181
36.9142 8 GPS_INT 384207584 79186368 501239136 521389600 116457666 105700 59100 0 0 0 4 0 113252250 163 8 3 0
36.9161 8 VIRT_BARO 200 0.199219 0.199219 101322.609375
36.9650 8 IMU_GYRO_RAW -98 -284 -16
36.9669 8 VERT_LOOP 4 17551 4 17551 1746 4 17551 0 42860 26214 0 0 0 0 0
36.9689 8 AUTOPILOT_VERSION 50700 "v5.7_devel-2399-gfc26e4ae2-dirty"
37.0143 8 GPS 3 68105454 577979518 0 59100 0 0 0 113252250 32 0
37.0143 8 IMU_ACCEL_RAW -134 -359 -1820
37.0157 8 ENERGY 11.800000 -2.277000 0 -26.868599
37.0646 8 INS -284 -89 4 0 0 19069 -465 772 1215
37.0665 8 HOVER_LOOP 0 0 -284 -89 0 0 203 -2440 0 0 0 0 0 0 0 0 0.016357
37.0685 8 ROTORCRAFT_NAV_STATUS 5 0 1.2 0.0 2 2 3
37.1134 8 ROTORCRAFT_FP -89 -284 -3 0 0 -12908 -225 60 58 0 0 -3 58 0 0
37.1154 8 IMU_MAG_RAW 289 423 251
37.1173 8 TUNE_VERT 3 3 3 14674
37.1642 8 GPS_INT 384207584 79186368 501239136 521389600 116457666 105700 59100 0 0 0 4 0 113252500 163 8 3 0
37.1661 8 VIRT_BARO 200 0.199219 0.199219 101322.609375
37.1681 8 ROTORCRAFT_STATUS 0 152 0 45 3 13 0 1 4 5 118 37
37.2130 8 IMU_ACCEL_RAW -392 -55 -1659
37.2150 8 IMU_GYRO_RAW 76 -343 409
37.2169 8 VERT_LOOP 3 19892 3 19892 1225 3 19892 0 42860 26214 0 0 0 0 0
37.2643 8 GPS 3 68105454 577979518 0 59100 1 0 0 113252500 32 0
37.2658 8 ENERGY 11.800000 -2.357000 0 -27.812601
37.2677 8 DL_VALUE 40 4.363323
37.3146 8 INS -284 -89 3 0 0 17582 -1751 -3321 305
37.3165 8 HOVER_LOOP 0 0 -284 -89 0 0 1029 -2750 0 0 0 0 0 0 0 0 0.014893
37.3634 8 ROTORCRAFT_FP -89 -284 -3 0 0 -19192 -231 62 61 0 0 -3 61 0 0
37.3654 8 IMU_MAG_RAW 297 435 250
37.3673 8 TUNE_VERT 3 3 3 20555
37.4122 8 IMU_ACCEL_RAW 322 50 -2279
37.4142 8 GPS_INT 384207584 79186368 501239136 521389600 116457666 105700 59100 0 0 0 4 0 113252750 163 8 3 0
37.4161 8 VIRT_BARO 200 0.199219 0.199219 101322.609375
37.4650 8 IMU_GYRO_RAW 61 110 -88
37.4669 8 VERT_LOOP 3 18145 3 18145 -2024 3 18145 0 42860 26214 0 0 0 0 0
37.5143 8 GPS 3 68105454 577979518 0 59100 2 0 0 113252750 32 0
37.5158 8 ENERGY 11.800000 -2.477000 0 -29.228600
37.5646 8 INS -284 -89 3 0 0 15967 352 -2303 -803
37.5665 8 HOVER_LOOP 0 0 -284 -89 0 0 1962 -186 0 0 0 0 0 0 0 0 0.012695
37.6115 8 IMU_ACCEL_RAW -689 -132 -1926
37.6134 8 ROTORCRAFT_FP -89 -284 -3 0 0 -15267 -232 63 55 0 0 -3 55 0 0
37.6154 8 IMU_MAG_RAW 299 419 249
37.6173 8 TUNE_VERT 3 3 3 13159
37.6642 8 GPS_INT 384207584 79186368 501239136 521389600 116457666 105700 59100 0 0 0 4 0 113253000 163 8 3 0
37.6661 8 VIRT_BARO 200 0.199219 0.199219 101322.609375
37.7150 8 IMU_GYRO_RAW 106 50 95
37.7169 8 VERT_LOOP 3 11144 3 11144 -1392 3 11144 0 42860 26214 0 0 0 0 0
37.7643 8 GPS 3 68105454 577979518 0 59100 2 0 0 113253000 32 0
37.7658 8 ENERGY 11.800000 -2.577000 0 -30.408600
37.8107 8 IMU_ACCEL_RAW 332 -204 -2006
37.8146 8 INS -284 -89 2 0 0 7614 819 -2326 -2884
37.8165 8 HOVER_LOOP 0 0 -284 -89 0 0 1148 584 0 0 0 0 0 0 0 0 0.012451
37.8634 8 ROTORCRAFT_FP -89 -284 -3 0 0 -12959 -232 62 58 0 0 -3 58 0 0
37.8654 8 IMU_MAG_RAW 307 425 250
37.8673 8 TUNE_VERT 3 3 3 11352
37.9142 8 GPS_INT 384207584 79186368 501239136 521389600 116457666 105700 59100 0 0 0 4 0 113253250 163 8 3 0
37.9161 8 VIRT_BARO 200 0.199219 0.199219 101322.609375
37.9650 8 IMU_GYRO_RAW -221 159 -500
37.9669 8 VERT_LOOP 3 13494 3 13494 -205 3 13494 0 42860 26214 0 0 0 0 0
38.0099 8 IMU_ACCEL_RAW 45 168 -1665
38.0143 8 GPS 3 68105454 577979518 0 59100 0 0 0 113253250 32 0
38.0158 8 ENERGY 11.800000 -2.417000 0 -28.520601
38.0646 8 INS -284 -89 3 0 0 12359 359 3804 300
38.0665 8 HOVER_LOOP 0 0 -284 -89 0 0 -5 4758 0 0 0 0 0 0 0 0 0.012695
38.0685 8 ROTORCRAFT_NAV_STATUS 6 0 1.2 0.0 2 2 3
38.1134 8 ROTORCRAFT_FP -89 -284 -2 0 0 -13300 -229 61 51 0 0 -2 51 0 0
38.1154 8 IMU_MAG_RAW 298 418 251
38.1173 8 TUNE_VERT 2 2 2 15009
38.1642 8 GPS_INT 384207584 79186368 501239136 521389600 116457666 105700 59100 0 0 0 4 0 113253500 163 8 3 0
38.1661 8 VIRT_BARO 200 0.199219 0.199219 101322.609375
38.1681 8 ROTORCRAFT_STATUS 0 152 0 45 3 13 0 1 4 5 118 38
38.2091 8 IMU_ACCEL_RAW 495 95 -2099
38.2150 8 IMU_GYRO_RAW -117 72 201
38.2169 8 VERT_LOOP 2 18295 2 18295 2286 2 18295 0 42860 26214 0 0 0 0 0
38.2643 8 GPS 3 68105454 577979518 0 59100 0 0 0 113253500 32 0
38.2658 8 ENERGY 11.800000 -2.577000 0 -30.408600
38.2677 8 DL_VALUE 41 0.850000
38.3146 8 INS -284 -89 3 0 0 21525 -629 -106 2647
38.3165 8 HOVER_LOOP 0 0 -284 -89 0 0 -793 -1731 0 0 0 0 0 0 0 0 0.013184
38.3634 8 ROTORCRAFT_FP -89 -284 -3 0 0 -19505 -230 62 45 0 0 -3 45 0 0
38.3654 8 IMU_MAG_RAW 312 421 255
38.3673 8 TUNE_VERT 3 3 3 19820
38.4083 8 IMU_ACCEL_RAW 85 -21 -1598
38.4142 8 GPS_INT 384207584 79186368 501239136 521389600 116457666 105700 59100 0 0 0 4 0 113253750 163 8 3 0
38.4161 8 VIRT_BARO 200 0.199219 0.199219 101322.609375
38.4650 8 IMU_GYRO_RAW -22 -90 383
38.4669 8 VERT_LOOP 3 18249 3 18249 1213 3 18249 0 42860 26214 0 0 0 0 0
38.5143 8 GPS 3 68105454 577979518 0 59100 1 0 0 113253750 32 0
38.5158 8 ENERGY 11.800000 -2.377000 0 -28.048601
38.5646 8 INS -284 -89 3 0 0 15207 -2652 -339 -228
38.5665 8 HOVER_LOOP 0 0 -284 -89 0 0 410 -1214 0 0 0 0 0 0 0 0 0.010254
38.6075 8 IMU_ACCEL_RAW 1253 103 -2005
38.6134 8 ROTORCRAFT_FP -89 -284 -3 0 0 -9720 -229 65 35 0 0 -3 35 0 0
38.6154 8 IMU_MAG_RAW 307 424 249
38.6173 8 TUNE_VERT 3 3 3 10333
38.6642 8 GPS_INT 384207584 79186368 501239136 521389600 116457666 105700 59100 0 0 0 4 0 113254000 163 8 3 0
38.6661 8 VIRT_BARO 200 0.199219 0.199219 101322.609375
38.7150 8 IMU_GYRO_RAW 100 -273 411
38.7169 8 VERT_LOOP 2 12064 2 12064 190 2 12064 0 42860 26214 0 0 0 0 0
38.7643 8 GPS 3 68105454 577979518 0 59100 1 0 0 113254000 32 0
38.7658 8 ENERGY 11.700000 -2.557000 0 -29.916899
38.8068 8 IMU_ACCEL_RAW -233 241 -1772
38.8146 8 INS -284 -89 2 0 0 10895 -1324 -965 -562
38.8165 8 HOVER_LOOP 0 0 -284 -89 0 0 2103 -888 0 0 0 0 0 0 0 0 0.009766
38.8634 8 ROTORCRAFT_FP -89 -284 -2 0 0 -12260 -228 66 41 0 0 -2 41 0 0
38.8654 8 IMU_MAG_RAW 313 425 254
38.8673 8 TUNE_VERT 3 3 3 15561
38.9142 8 GPS_INT 384207584 79186368 501239136 521389600 116457666 105700 59100 0 0 0 4 0 113254250 163 8 3 0
38.9161 8 VIRT_BARO 200 0.199219 0.199219 101322.609375
38.9650 8 IMU_GYRO_RAW 76 -1 -153
38.9669 8 VERT_LOOP 2 13764 2 13764 -1016 2 13764 0 42860 26214 0 0 0 0 0
39.0060 8 IMU_ACCEL_RAW 1167 -131 -2009
39.0143 8 GPS 3 68105454 577979518 0 59100 1 0 0 113254250 32 0
39.0158 8 ENERGY 11.800000 -2.357000 0 -27.812601
39.0646 8 INS -284 -89 2 0 0 11400 217 769 -1307
39.0665 8 HOVER_LOOP 0 0 -284 -89 0 0 1745 -606 0 0 0 0 0 0 0 0 0.008301
39.0685 8 ROTORCRAFT_NAV_STATUS 7 0 1.2 0.0 2 2 3
39.1134 8 ROTORCRAFT_FP -89 -284 -2 0 0 -13494 -233 65 36 0 0 -2 36 0 0
39.1154 8 IMU_MAG_RAW 307 431 247
39.1173 8 TUNE_VERT 2 2 2 11412
39.1642 8 GPS_INT 384207584 79186368 501239136 521389600 116457666 105700 59100 0 0 0 4 0 113254500 163 8 3 0
39.1661 8 VIRT_BARO 200 0.199219 0.199219 101322.609375
39.1681 8 ROTORCRAFT_STATUS 0 152 0 46 3 13 0 1 4 5 117 39
39.2052 8 IMU_ACCEL_RAW 337 285 -2308
39.2150 8 IMU_GYRO_RAW 124 -147 34
39.2169 8 VERT_LOOP 2 8148 2 8148 -895 2 8148 0 42860 26214 0 0 0 0 0
39.2643 8 GPS 3 68105454 577979518 0 59100 1 0 0 113254500 32 0
39.2658 8 ENERGY 11.800000 -2.397000 0 -28.284601
39.2677 8 DL_VALUE 43 38.000000
39.3146 8 INS -284 -89 2 0 0 7584 638 -1277 -1892
39.3166 8 HOVER_LOOP 0 0 -284 -89 0 0 1091 -394 0 0 0 0 0 0 0 0 0.006836
39.3634 8 ROTORCRAFT_FP -89 -284 -2 0 0 -9978 -231 65 36 0 0 -2 36 0 0
39.3654 8 IMU_MAG_RAW 295 433 246
39.3673 8 TUNE_VERT 2 2 2 8946
39.4044 8 IMU_ACCEL_RAW 726 190 -2274
39.4142 8 GPS_INT 384207584 79186368 501239136 521389600 116457666 105700 59100 0 0 0 4 0 113254750 163 8 3 0
39.4161 8 VIRT_BARO 200 0.199219 0.199219 101322.609375
39.4650 8 IMU_GYRO_RAW -44 27 -617
39.4669 8 VERT_LOOP 2 5691 2 5691 -2049 2 5691 0 42860 26214 0 0 0 0 0
39.5143 8 GPS 3 68105454 577979518 0 59100 0 0 0 113254750 32 0
39.5158 8 ENERGY 11.800000 -2.577000 0 -30.408600
39.5646 8 INS -284 -89 2 0 0 6973 1260 2192 729
39.5666 8 HOVER_LOOP 0 0 -284 -89 0 0 711 755 0 0 0 0 0 0 0 0 0.007324
39.6036 8 IMU_ACCEL_RAW 295 370 -2753
39.6134 8 ROTORCRAFT_FP -89 -284 -1 0 0 -9388 -230 66 35 0 0 -1 35 0 0
39.6154 8 IMU_MAG_RAW 304 394 268
39.6173 8 TUNE_VERT 1 1 1 8050
39.6642 8 GPS_INT 384207584 79186368 501239136 521389600 116457666 105700 59100 0 0 0 4 0 113255000 163 8 3 0
39.6662 8 VIRT_BARO 200 0.199219 0.199219 101322.609375
39.7150 8 IMU_GYRO_RAW -106 52 -179
39.7169 8 VERT_LOOP 1 6886 1 6886 2090 1 6886 0 42860 26214 0 0 0 0 0
39.7643 8 GPS 3 68105454 577979518 0 59100 1 0 0 113255000 32 0
39.7658 8 ENERGY 11.700000 -1.997000 0 -23.364899
39.8029 8 IMU_ACCEL_RAW 346 47 -1993
39.8146 8 INS -284 -89 1 0 0 7748 -1013 -1295 1641
39.8165 8 HOVER_LOOP 0 0 -284 -89 0 0 -539 -3387 0 0 0 0 0 0 0 0 0.007397
39.8634 8 ROTORCRAFT_FP -89 -284 -2 0 0 -7988 -233 66 25 0 0 -2 25 0 0
39.8654 8 IMU_MAG_RAW 308 432 247
39.8673 8 TUNE_VERT 2 2 2 4036
39.9142 8 GPS_INT 384207584 79186368 501239136 521389600 116457666 105700 59100 0 0 0 4 0 113255250 163 8 3 0
39.9161 8 VIRT_BARO 200 0.199219 0.199219 101322.609375
39.9650 8 IMU_GYRO_RAW -34 122 240
39.9669 8 VERT_LOOP 1 8373 1 8373 2195 1 8373 0 42860 26214 0 0 0 0 0
40.0021 8 IMU_ACCEL_RAW -291 251 -2557
40.0143 8 GPS 3 68105454 577979518 0 59100 0 0 0 113255250 32 0
40.0158 8 ENERGY 11.800000 -2.197000 0 -25.924601
40.0646 8 INS -284 -89 1 0 0 5676 4 -1000 -84
40.0666 8 HOVER_LOOP 0 0 -284 -89 0 0 -722 373 0 0 0 0 0 0 0 0 0.006104
40.0685 8 ROTORCRAFT_NAV_STATUS 8 0 1.2 0.0 2 2 3
40.1134 8 ROTORCRAFT_FP -89 -284 -1 0 0 799 -225 65 15 0 0 -1 15 0 0
40.1154 8 IMU_MAG_RAW 296 434 250
40.1173 8 TUNE_VERT 1 1 1 1661
40.1642 8 GPS_INT 384207584 79186368 501239136 521389600 116457666 105700 59100 0 0 0 4 0 113255500 163 8 3 0
40.1662 8 VIRT_BARO 200 0.199219 0.199219 101322.609375
40.1681 8 ROTORCRAFT_STATUS 0 152 0 45 3 13 0 1 4 5 118 40
40.2013 8 IMU_ACCEL_RAW 531 -56 -1720
40.2150 8 IMU_GYRO_RAW -10 137 330
40.2169 8 VERT_LOOP 1 4932 1 4932 119 1 4932 0 42860 26214 0 0 0 0 0
40.2643 8 GPS 3 68105454 577979518 0 59100 0 0 0 113255500 32 0
40.2658 8 ENERGY 11.700000 -2.617000 0 -30.618900
40.2677 8 DL_VALUE 44 5.000000
40.3146 8 INS -284 -89 1 0 0 8049 -1206 -2229 1412
40.3165 8 HOVER_LOOP 0 0 -284 -89 0 0 -1766 130 0 0 0 0 0 0 0 0 0.006836
40.3634 8 ROTORCRAFT_FP -89 -284 -1 0 0 -6753 -229 67 24 0 0 -1 24 0 0
40.3654 8 IMU_MAG_RAW 307 421 252
40.3673 8 TUNE_VERT 1 1 1 9247
40.4005 8 IMU_ACCEL_RAW 76 24 -2642
40.4142 8 GPS_INT 384207584 79186368 501239136 521389600 116457666 105700 59100 0 0 0 4 0 113255750 163 8 3 0
40.4161 8 VIRT_BARO 200 0.199219 0.199219 101322.609375
40.4650 8 IMU_GYRO_RAW -20 200 76
40.4669 8 VERT_LOOP 1 6961 1 6961 902 1 6961 0 42860 26214 0 0 0 0 0
40.5143 8 GPS 3 68105454 577979518 0 59100 1 0 0 113255750 32 0
40.5158 8 ENERGY 11.700000 -2.317000 0 -27.108898
40.5646 8 INS -284 -89 1 0 0 8191 -1423 3352 -1109
40.5665 8 HOVER_LOOP 0 0 -284 -89 0 0 978 3676 0 0 0 0 0 0 0 0 0.003662
40.5997 8 IMU_ACCEL_RAW -360 -23 -1765
40.6134 8 ROTORCRAFT_FP -89 -284 -1 0 0 -9264 -228 68 20 0 0 -1 20 0 0
40.6154 8 IMU_MAG_RAW 314 423 250
40.6173 8 TUNE_VERT 1 1 1 7915
40.6642 8 GPS_INT 384207584 79186368 501239136 521389600 116457666 105700 59100 0 0 0 4 0 113256000 163 8 3 0
40.6662 8 VIRT_BARO 200 0.199219 0.199219 101322.609375
40.7150 8 IMU_GYRO_RAW 27 -291 -117
40.7169 8 VERT_LOOP 1 6623 1 6623 -2369 1 6623 0 42860 26214 0 0 0 0 0
40.7643 8 GPS 3 68105454 577979518 0 59100 0 0 0 113256000 32 0
40.7658 8 ENERGY 11.800000 -2.537000 0 -29.936600
40.7990 8 IMU_ACCEL_RAW -173 2 -2581
40.8146 8 INS -284 -89 1 0 0 3904 630 4589 -910
40.8165 8 HOVER_LOOP 0 0 -284 -89 0 0 1429 2175 0 0 0 0 0 0 0 0 0.002930
40.8634 8 ROTORCRAFT_FP -89 -284 -1 0 0 -7418 -229 68 21 0 0 -1 21 0 0
40.8654 8 IMU_MAG_RAW 318 430 255
40.8673 8 TUNE_VERT 1 1 1 5996
40.9142 8 GPS_INT 384207584 79186368 501239136 521389600 116457666 105700 59100 0 0 0 4 0 113256250 163 8 3 0
40.9161 8 VIRT_BARO 200 0.199219 0.199219 101322.609375
40.9650 8 IMU_GYRO_RAW 89 -206 -679
40.9669 8 VERT_LOOP 1 3230 1 3230 -1681 1 3230 0 42860 26214 0 0 0 0 0
40.9982 8 IMU_ACCEL_RAW -1156 107 -1996
41.0143 8 GPS 3 68105454 577979518 0 59100 3 0 0 113256250 32 0
41.0158 8 ENERGY 11.700000 -2.177000 0 -25.470900
41.0646 8 INS -284 -89 1 0 0 2814 2305 3771 164
41.0666 8 HOVER_LOOP 0 0 -284 -89 0 0 412 -291 0 0 0 0 0 0 0 0 0.003418
41.0685 8 ROTORCRAFT_NAV_STATUS 9 0 1.2 0.0 2 2 3
41.1134 8 ROTORCRAFT_FP -89 -284 -1 0 0 -8580 -231 67 19 0 0 -1 19 0 0
41.1154 8 IMU_MAG_RAW 305 433 252
41.1173 8 TUNE_VERT 1 1 1 4273
41.1642 8 GPS_INT 384207584 79186368 501239136 521389600 116457666 105700 59100 0 0 0 4 0 113256500 163 8 3 0
41.1662 8 VIRT_BARO 200 0.199219 0.199219 101322.609375
41.1681 8 ROTORCRAFT_STATUS 0 152 0 45 3 13 0 1 4 5 118 41
41.1974 8 IMU_ACCEL_RAW 12 -23 -1953
41.2150 8 IMU_GYRO_RAW 23 -375 -210
41.2169 8 VERT_LOOP 1 6086 1 6086 1993 1 6086 0 42860 26214 0 0 0 0 0
41.2643 8 GPS 3 68105454 577979518 0 59100 1 0 0 113256500 32 0
41.2658 8 ENERGY 11.700000 -2.337000 0 -27.342897
41.2677 8 DL_VALUE 46 -0.800000
41.3146 8 INS -284 -89 1 0 0 4664 1966 -1028 -987
41.3166 8 HOVER_LOOP 0 0 -284 -89 0 0 -403 -2964 0 0 0 0 0 0 0 0 0.002441
41.3634 8 ROTORCRAFT_FP -89 -284 -1 0 0 -6587 -231 69 11 0 0 -1 11 0 0
41.3654 8 IMU_MAG_RAW 312 436 251
41.3673 8 TUNE_VERT 1 1 1 4756
41.3966 8 IMU_ACCEL_RAW -905 -108 -1833
41.4142 8 GPS_INT 384207584 79186368 501239136 521389600 116457666 105700 59100 0 0 0 4 0 113256750 163 8 3 0
41.4162 8 VIRT_BARO 200 0.199219 0.199219 101322.609375
41.4650 8 IMU_GYRO_RAW -102 92 -42
41.4669 8 VERT_LOOP 1 6592 1 6592 912 1 6592 0 42860 26214 0 0 0 0 0
41.4709 8 GEO_MAG 0.355609 -0.023019 0.934352 4
41.5143 8 GPS 3 68105454 577979518 0 59100 1 0 0 113256750 32 0
41.5158 8 ENERGY 11.800000 -2.397000 0 -28.284601
41.5646 8 INS -284 -89 1 0 0 2990 553 -3048 821
41.5665 8 HOVER_LOOP 0 0 -284 -89 0 0 -959 -3616 0 0 0 0 0 0 0 0 0.002197
41.5705 8 UART_ERRORS 0 0 0 2
41.5958 8 IMU_ACCEL_RAW -583 -211 -2120
41.6134 8 ROTORCRAFT_FP -89 -284 -1 0 0 -1452 -230 70 2 0 0 -1 2 0 0
41.6154 8 IMU_MAG_RAW 309 435 252
41.6173 8 TUNE_VERT 1 1 1 4142
41.6642 8 GPS_INT 384207584 79186368 501239136 521389600 116457666 105700 59100 0 0 0 4 0 113257000 163 8 3 0
41.6662 8 VIRT_BARO 200 0.199219 0.199219 101322.609375
41.7150 8 IMU_GYRO_RAW -30 347 494
41.7169 8 VERT_LOOP 1 2080 1 2080 -72 1 2080 0 42860 26214 0 0 0 0 0
41.7643 8 GPS 3 68105454 577979518 0 59100 1 0 0 113257000 32 0
41.7658 8 ENERGY 11.700000 -2.297000 0 -26.874899
41.7697 8 WP_MOVED_ENU 3 -1251 2979 -15152
41.7951 8 IMU_ACCEL_RAW -611 -73 -1819
41.8146 8 INS -284 -89 0 0 0 4046 -746 -5548 1488
41.8165 8 HOVER_LOOP 0 0 -284 -89 0 0 -1183 -367 0 0 0 0 0 0 0 0 0.001465
41.8634 8 ROTORCRAFT_FP -89 -284 0 0 0 -1037 -227 70 6 0 0 0 6 0 0
41.8654 8 IMU_MAG_RAW 302 417 246
41.8673 8 TUNE_VERT 0 0 0 954
41.8693 8 ALIVE 220,22,224,73,231,114,167,216,234,177,116,77,23,30,29,181
41.9142 8 GPS_INT 384207584 79186368 501239136 521389600 116457666 105700 59100 0 0 0 4 0 113257250 163 8 3 0
41.9162 8 VIRT_BARO 200 0.199219 0.199219 101322.609375
41.9650 8 IMU_GYRO_RAW 9 8 -108
41.9669 8 VERT_LOOP 0 1399 0 1399 -1275 0 1399 0 42860 26214 0 0 0 0 0
41.9689 8 DATALINK_REPORT 17 1 0 3426 0 0
41.9689 8 AUTOPILOT_VERSION 50700 "v5.7_devel-2399-gfc26e4ae2-dirty"
41.9943 8 IMU_ACCEL_RAW 447 140 -2291
42.0143 8 GPS 3 68105454 577979518 0 59100 0 0 0 113257250 32 0
42.0158 8 ENERGY 11.700000 -2.037000 0 -23.832899
42.0646 8 INS -284 -89 0 0 0 -985 260 3938 -3618
42.0666 8 HOVER_LOOP -284 -89 -284 -89 0 0 2850 3637 0 0 0 0 0 0 0 0 0.000244
42.0686 8 ROTORCRAFT_NAV_STATUS 0 0 0.0 0.0 3 1 0
42.1135 8 ROTORCRAFT_FP -89 -284 0 0 0 9613 -238 61 9 -89 -284 0 9 4538 0
42.1154 8 IMU_MAG_RAW 323 323 176
42.1174 8 TUNE_VERT 0 0 -1 -48956
42.1643 8 GPS_INT 384207584 79186368 501239136 521389600 116457666 105700 59100 0 0 0 4 0 113257500 163 8 3 0
42.1662 8 VIRT_BARO 200 0.199219 0.199219 101322.609375
42.1682 8 ROTORCRAFT_STATUS 0 99 0 45 3 13 0 1 4 5 113 42
42.1936 8 IMU_ACCEL_RAW 802 -121 -1755
42.2150 8 IMU_GYRO_RAW -139 -115 -36
42.2170 8 VERT_LOOP -2 -262144 -2 -139968 -2976 -5 -118924 -1104 42860 26214 0 0 4282 -23 4259
42.2643 8 GPS 3 68105454 577979518 0 59100 2 0 0 113257500 32 0
42.2658 8 ENERGY 11.000000 11.801000 0 129.810989
42.2678 8 DL_VALUE 47 150.000000
42.3147 8 INS -284 -89 -11 0 0 -289514 -3197 -8763 101
42.3166 8 HOVER_LOOP -284 -89 -284 -89 0 0 1059 320 0 0 0 0 0 0 0 0 0.025146
42.3635 8 ROTORCRAFT_FP -89 -284 18 0 0 332830 -295 295 135 -89 -284 18 135 3916 0
42.3654 8 IMU_MAG_RAW 313 396 243
42.3674 8 TUNE_VERT -19 -19 -17 -183372
42.3928 8 IMU_ACCEL_RAW -1559 361 -2222
42.4143 8 GPS_INT 384207584 79186368 501239136 521389600 116457666 105700 59100 0 0 0 4 0 113257750 163 8 3 0
42.4162 8 VIRT_BARO 200 0.198437 0.198437 101322.617188
42.4650 8 IMU_GYRO_RAW -49 175 132
42.4670 8 VERT_LOOP -32 -262144 -32 -376194 -1269 -26 -209004 -400 42860 26214 0 0 4018 -213 3805
42.5143 8 GPS 3 68105454 577979518 0 59100 3 0 0 113257750 32 0
42.5158 8 ENERGY 11.400000 4.562000 0 52.006798
42.5647 8 INS -284 -89 -43 0 0 -368779 -117 -8326 1985
42.5666 8 HOVER_LOOP -284 -89 -284 -89 0 0 -3214 10951 0 0 0 0 0 0 0 0 0.068359
42.5920 8 IMU_ACCEL_RAW 1241 -540 -2014
42.6135 8 ROTORCRAFT_FP -89 -284 42 0 0 342578 -336 296 316 -89 -284 42 316 3818 0
42.6154 8 IMU_MAG_RAW 333 370 248
42.6174 8 TUNE_VERT -43 -43 -42 -232604
42.6643 8 GPS_INT 384207584 79186368 501239136 521389600 116457666 105700 59100 0 0 0 4 0 113258000 163 8 3 0
42.6662 8 VIRT_BARO 200 0.198437 0.198437 101322.617188
42.7150 8 IMU_GYRO_RAW 36 165 174
42.7170 8 VERT_LOOP -57 -262144 -57 -328534 -616 -54 -241996 -144 42860 26214 0 0 3920 -110 3810
42.7643 8 GPS 3 68105454 577979518 0 59100 3 0 0 113258000 32 0
42.7658 8 ENERGY 11.400000 4.842000 0 55.198799
42.7912 8 IMU_ACCEL_RAW 213 -881 -1693
42.8147 8 INS -284 -89 -70 0 0 -315850 760 4159 -1712
42.8166 8 HOVER_LOOP -284 -89 -284 -89 0 0 -217 -1291 0 0 0 0 0 0 0 0 0.111572
42.8635 8 ROTORCRAFT_FP -89 -284 78 0 0 309872 -310 252 485 -89 -284 78 485 3812 0
42.8654 8 IMU_MAG_RAW 351 364 250
42.8674 8 TUNE_VERT -78 -78 -72 -250636
42.9143 8 GPS_INT 384207584 79186368 501239136 521389600 116457666 105700 59100 0 0 0 4 0 113258250 163 8 3 0
42.9162 8 VIRT_BARO 470 0.466328 0.466328 101319.398438
42.9651 8 IMU_GYRO_RAW -48 81 53
42.9670 8 VERT_LOOP -91 -262144 -91 -298205 -963 -84 -254108 -48 42860 26214 0 0 3880 -63 3817
42.9904 8 IMU_ACCEL_RAW -998 633 -2289
43.0143 8 GPS 3 68105454 577979518 0 59100 45 0 0 113258250 32 0
43.0158 8 ENERGY 11.400000 4.022000 0 45.850796
43.0647 8 INS -284 -89 -103 0 0 -291814 -2974 -10960 1351
43.0666 8 HOVER_LOOP -284 -89 -284 -89 0 0 -267 6439 0 0 0 0 0 0 0 0 0.141357
43.0686 8 ROTORCRAFT_NAV_STATUS 1 1 0.0 0.0 3 1 0
43.1135 8 ROTORCRAFT_FP -89 -284 110 0 0 287816 -337 242 462 -89 -284 110 579 3828 0
43.1154 8 IMU_MAG_RAW 328 369 224
43.1174 8 TUNE_VERT -111 -111 -103 -257212
43.1643 8 GPS_INT 384207616 79186360 501239136 521389600 116457649 105800 59200 0 0 0 4 0 113258500 163 8 3 0
43.1662 8 VIRT_BARO 620 0.615156 0.615156 101317.609375
43.1682 8 ROTORCRAFT_STATUS 0 99 0 46 3 13 1 1 4 5 114 43
43.1897 8 IMU_ACCEL_RAW -939 350 -2122
43.2151 8 IMU_GYRO_RAW 198 419 -78
43.2170 8 VERT_LOOP -124 -262144 -124 -272270 836 -116 -258460 -16 42754 25272 39456 697 3865 -28 3837
43.2644 8 GPS 3 68105442 577979518 0 59200 63 0 0 113258500 32 0
43.2658 8 ENERGY 11.400000 4.342000 0 49.498798
43.2678 8 DL_VALUE 48 80.000000
43.3147 8 INS -343 -125 -136 0 0 -274654 2628 -197 -3206
43.3166 8 HOVER_LOOP -284 -89 -343 -125 0 0 -7 2803 59 36 0 0 84640 51520 47 28 0.141357
43.3635 8 ROTORCRAFT_FP -125 -343 142 0 0 268819 -187 117 360 -89 -284 142 579 3844 0
43.3655 8 IMU_MAG_RAW 336 396 228
43.3674 8 TUNE_VERT -143 -143 -135 -259692
43.3889 8 IMU_ACCEL_RAW -1464 356 -2263
43.4143 8 GPS_INT 384207616 79186336 501239136 521389583 116457616 105800 59200 0 0 0 4 0 113258750 163 8 3 0
43.4162 8 VIRT_BARO 755 0.752051 0.752051 101315.968750
43.4651 8 IMU_GYRO_RAW -195 838 177
43.4670 8 VERT_LOOP -155 -262144 -155 -263270 -736 -147 -260108 0 42692 24632 45999 1724 3856 -15 3841
43.5144 8 GPS 3 68105420 577979498 0 59200 80 0 0 113258750 32 0
43.5158 8 ENERGY 11.400000 3.762000 0 42.886799
43.5647 8 INS -335 -186 -168 0 0 -256931 4961 4837 595
43.5666 8 HOVER_LOOP -284 -89 -335 -186 0 0 -3123 -1532 51 97 0 0 189520 209680 41 78 0.141357
43.5881 8 IMU_ACCEL_RAW 288 -948 -1675
43.6135 8 ROTORCRAFT_FP -186 -335 175 0 0 250247 10 56 475 -89 -284 175 579 3867 0
43.6155 8 IMU_MAG_RAW 290 394 231
43.6174 8 TUNE_VERT -175 -175 -166 -260108
43.6643 8 GPS_INT 384207616 79186320 501239136 521389583 116457583 106000 59400 0 0 0 4 0 113259000 163 8 3 0
43.6662 8 VIRT_BARO 875 0.871582 0.871582 101314.531250
43.7151 8 IMU_GYRO_RAW 85 -234 114
43.7170 8 VERT_LOOP -188 -262144 -188 -246492 -23 -179 -260108 0 42573 24106 42613 2835 3867 4 3871
43.7644 8 GPS 3 68105398 577979497 0 59400 108 0 0 113259000 32 0
43.7658 8 ENERGY 11.400000 4.302000 0 49.042797
43.7873 8 IMU_ACCEL_RAW 698 2 -1967
43.8147 8 INS -327 -227 -203 0 0 -253353 -596 -6448 1028
43.8166 8 HOVER_LOOP -284 -89 -327 -227 0 0 -1951 5490 43 138 0 0 278200 461200 37 114 0.141357
43.8635 8 ROTORCRAFT_FP -227 -327 209 0 0 253394 -3 65 495 -89 -284 209 579 3866 0
43.8654 8 IMU_MAG_RAW 294 414 226
43.8674 8 TUNE_VERT -212 -212 -198 -260108
43.9143 8 GPS_INT 384207616 79186304 501239136 521389566 116457550 106000 59400 0 0 0 4 0 113259250 163 8 3 0
43.9162 8 VIRT_BARO 1085 1.080762 1.080762 101312.015625
43.9651 8 IMU_GYRO_RAW -46 183 66
43.9670 8 VERT_LOOP -227 -262144 -227 -258905 -2417 -211 -260108 0 42498 23594 52814 4352 3872 -20 3852
43.9865 8 IMU_ACCEL_RAW 1208 -423 -1790
44.0144 8 GPS 3 68105376 577979477 0 59400 108 0 0 113259250 32 0
44.0158 8 ENERGY 11.300000 4.282000 0 48.386600
44.0647 8 INS -320 -266 -239 0 0 -246312 145 6122 -445
44.0666 8 HOVER_LOOP -284 -89 -320 -266 0 0 1134 -6722 36 177 0 0 353580 791540 33 150 0.141357
44.0686 8 ROTORCRAFT_NAV_STATUS 2 2 0.7 0.7 3 1 0
44.1135 8 ROTORCRAFT_FP -266 -320 248 0 0 256797 16 78 494 -89 -284 248 579 3858 1
44.1154 8 IMU_MAG_RAW 328 413 227
44.1174 8 TUNE_VERT -248 -248 -230 -260108
44.1643 8 GPS_INT 384207616 79186296 501239136 521389550 116457533 106100 59500 0 0 0 4 0 113259500 163 8 3 0
44.1662 8 VIRT_BARO 1310 1.304883 1.304883 101309.328125
44.1682 8 ROTORCRAFT_STATUS 0 99 0 45 3 13 1 1 4 5 113 44
44.1858 8 IMU_ACCEL_RAW 382 402 -2225
44.2151 8 IMU_GYRO_RAW 27 -145 -115
44.2170 8 VERT_LOOP -267 -262144 -267 -278362 1190 -243 -260108 0 42458 23110 37969 6695 3878 -55 3823
44.2644 8 GPS 3 68105365 577979459 0 59500 113 0 0 113259500 32 0
44.2658 8 ENERGY 11.300000 4.322000 0 48.838600
44.2678 8 DL_VALUE 50 0.400000
44.3147 8 INS -317 -286 -284 0 0 -289726 -5043 6225 -239
44.3166 8 HOVER_LOOP -284 -89 -317 -286 0 0 2370 752 33 197 0 0 419860 1171820 31 170 0.141357
44.3635 8 ROTORCRAFT_FP -286 -317 291 0 0 292683 106 68 478 -89 -284 291 579 3801 1
44.3654 8 IMU_MAG_RAW 311 404 226
44.3674 8 TUNE_VERT -295 -295 -262 -260108
44.3850 8 IMU_ACCEL_RAW 688 131 -2293
44.4143 8 GPS_INT 384207712 79186272 501239104 521389533 116457500 106200 59600 0 0 0 4 0 113259750 163 8 3 0
44.4162 8 VIRT_BARO 1410 1.404492 1.404492 101308.132812
44.4651 8 IMU_GYRO_RAW 396 -210 3
44.4670 8 VERT_LOOP -312 -262144 -312 -299825 673 -274 -260108 0 42471 22726 40643 10566 3880 -98 3782
44.5144 8 GPS 3 68105343 577979439 0 59600 87 0 0 113259750 32 0
44.5158 8 ENERGY 11.300000 4.942000 0 55.844601
44.5647 8 INS -547 -396 -328 0 0 -291403 -2411 -6333 819
44.5666 8 HOVER_LOOP -284 -89 -547 -396 0 0 4117 6486 263 307 0 0 811460 1720020 217 265 0.141357
44.5842 8 IMU_ACCEL_RAW -655 564 -2097
44.6135 8 ROTORCRAFT_FP -396 -547 335 0 0 281258 94 -49 586 -89 -284 335 579 3804 1
44.6155 8 IMU_MAG_RAW 307 414 221
44.6174 8 TUNE_VERT -335 -335 -293 -260108
44.6643 8 GPS_INT 384207712 79186272 501239104 521389533 116457483 106300 59700 0 0 0 4 0 113260000 163 8 3 0
44.6662 8 VIRT_BARO 1600 1.593750 1.593750 101305.851562
44.7151 8 IMU_GYRO_RAW -114 -133 -33
44.7170 8 VERT_LOOP -352 -262144 -352 -289721 -378 -306 -260108 0 42430 22342 45082 15863 3886 -96 3790
44.7644 8 GPS 3 68105331 577979439 0 59700 66 0 0 113260000 32 0
44.7658 8 ENERGY 11.300000 4.822000 0 54.488602
44.7834 8 IMU_ACCEL_RAW 1784 -599 -2374
44.8147 8 INS -547 -396 -368 0 0 -288036 837 3859 -267
44.8166 8 HOVER_LOOP -284 -89 -547 -396 0 0 -1045 -6146 263 307 0 0 1336260 2331860 225 274 0.141357
44.8635 8 ROTORCRAFT_FP -396 -547 378 0 0 289835 -41 -114 609 -89 -284 378 579 3780 1
44.8655 8 IMU_MAG_RAW 329 437 222
44.8674 8 TUNE_VERT -378 -378 -325 -260108
44.9143 8 GPS_INT 384207712 79186256 501239136 521389516 116457466 106399 59800 0 0 0 4 0 113260250 163 8 3 0
44.9162 8 VIRT_BARO 1720 1.713281 1.713281 101304.414062
44.9651 8 IMU_GYRO_RAW -112 -304 -113
44.9670 8 VERT_LOOP -394 -262144 -394 -297992 -864 -338 -260108 0 42447 21958 47561 22374 3880 -120 3760
44.9826 8 IMU_ACCEL_RAW 1635 -379 -1428
45.0144 8 GPS 3 68105321 577979420 0 59800 58 0 0 113260250 32 0
45.0158 8 ENERGY 11.300000 4.242000 0 47.934601
45.0647 8 INS -491 -437 -410 0 0 -304859 -1227 5603 -1282
45.0666 8 HOVER_LOOP -284 -89 -491 -437 0 0 273 -2274 207 348 0 0 1779220 3003220 188 316 0.141357
45.0686 8 ROTORCRAFT_NAV_STATUS 1 1 1.6 1.6 4 0 0
45.1135 8 ROTORCRAFT_FP -437 -491 417 0 0 313038 -113 -47 554 -89 -284 512 579 3860 2
45.1154 8 IMU_MAG_RAW 299 414 212
45.1174 8 TUNE_VERT -512 -418 -358 -282668
45.1643 8 GPS_INT 384207712 79186256 501239136 521389516 116457466 106500 59900 0 0 0 4 0 113260500 163 8 3 0
45.1662 8 VIRT_BARO 1915 1.907520 1.907520 101302.085938
45.1682 8 ROTORCRAFT_STATUS 0 99 0 45 3 13 1 1 4 5 113 45
45.1819 8 IMU_ACCEL_RAW -739 -414 -2397
45.2151 8 IMU_GYRO_RAW -74 -119 8
45.2170 8 VERT_LOOP -512 0 -436 -326984 -372 -372 -289172 -20 42467 21662 45416 30014 3889 -132 3757
45.2644 8 GPS 3 68105321 577979420 0 59900 58 0 0 113260500 32 0
45.2658 8 ENERGY 11.300000 4.302000 0 48.612602
45.2678 8 DL_VALUE 51 1.000000
45.3147 8 INS -491 -437 -452 0 0 -314821 3502 2237 -1655
45.3166 8 HOVER_LOOP -284 -89 -491 -437 0 0 -348 318 207 348 0 0 2191380 3696980 194 327 0.141357
45.3635 8 ROTORCRAFT_FP -437 -491 459 0 0 293839 -107 3 574 -89 -284 512 579 3708 2
45.3654 8 IMU_MAG_RAW 320 428 222
45.3674 8 TUNE_VERT -512 -460 -393 -282372
45.3811 8 IMU_ACCEL_RAW -1299 584 -1827
45.4143 8 GPS_INT 384207712 79186248 501239136 521389516 116457450 106600 60000 0 0 0 4 0 113260750 163 8 3 0
45.4162 8 VIRT_BARO 1995 1.987207 1.987207 101301.132812
45.4651 8 IMU_GYRO_RAW -223 342 -59
45.4670 8 VERT_LOOP -512 0 -474 -263961 1627 -406 -270288 272 42368 21406 37407 38525 3780 -85 3695
45.5144 8 GPS 3 68105310 577979419 0 60000 31 0 0 113260750 32 0
45.5158 8 ENERGY 11.300000 3.062000 0 34.600601
45.5647 8 INS -488 -455 -488 0 0 -260610 662 527 -1431
45.5666 8 HOVER_LOOP -284 -89 -488 -455 0 0 2280 7296 204 366 0 0 2599900 4416220 198 352 0.141357
45.5803 8 IMU_ACCEL_RAW 1951 -129 -1481
45.6135 8 ROTORCRAFT_FP -455 -488 494 0 0 256178 -71 23 590 -89 -284 512 579 3628 2
45.6154 8 IMU_MAG_RAW 309 387 222
45.6174 8 TUNE_VERT -512 -495 -425 -245040
45.6643 8 GPS_INT 384207776 79186240 501239136 521389500 116457433 106600 60000 0 0 0 4 0 113301000 163 8 3 0
45.6662 8 VIRT_BARO 2190 2.181445 2.181445 101298.796875
45.7151 8 IMU_GYRO_RAW 211 -46 -35
45.7170 8 VERT_LOOP -512 0 -508 -227021 -1028 -437 -225604 404 42415 21150 49950 47390 3728 -101 3627
45.7644 8 GPS 3 68105299 577979401 0 60000 37 0 0 113301000 32 0
45.7658 8 ENERGY 11.300000 3.622000 0 40.928600
45.7795 8 IMU_ACCEL_RAW -331 608 -2022
45.8147 8 INS -611 -509 -518 0 0 -190825 3769 -654 -180
45.8166 8 HOVER_LOOP -284 -89 -611 -509 0 0 -2249 -4678 327 420 0 0 3183580 5224940 303 407 0.141357
45.8635 8 ROTORCRAFT_FP -509 -611 524 0 0 186160 -14 16 565 -89 -284 512 579 3637 2
45.8655 8 IMU_MAG_RAW 307 405 228
45.8674 8 TUNE_VERT -512 -525 -452 -194760
45.9143 8 GPS_INT 384207776 79186240 501239136 521389500 116457433 106700 60100 0 0 0 4 0 113301250 163 8 3 0
45.9162 8 VIRT_BARO 2285 2.276074 2.276074 101297.656250
45.9651 8 IMU_GYRO_RAW -37 34 73
45.9670 8 VERT_LOOP -512 0 -534 -159972 -410 -461 -174480 400 42366 20894 46956 56573 3735 -87 3648
45.9787 8 IMU_ACCEL_RAW 185 -108 -1838
46.0144 8 GPS 3 68105299 577979401 0 60100 35 0 0 113301250 32 0
46.0158 8 ENERGY 11.300000 4.562000 0 51.550598
46.0647 8 INS -611 -509 -541 0 0 -124780 -2036 2510 -130
46.0666 8 HOVER_LOOP -284 -89 -611 -509 0 0 -1500 -4194 327 420 0 0 3836380 6064620 313 420 0.141357
46.0686 8 ROTORCRAFT_NAV_STATUS 2 2 2.1 2.1 4 0 0
46.1135 8 ROTORCRAFT_FP -509 -611 544 0 0 110008 71 60 537 -89 -284 512 579 3691 3
46.1155 8 IMU_MAG_RAW 340 399 222
46.1174 8 TUNE_VERT -512 -544 -473 -145024
46.1643 8 GPS_INT 384207808 79186240 501239136 521389500 116457416 106800 60200 0 0 0 4 0 113301500 163 8 3 0
46.1662 8 VIRT_BARO 2360 2.350781 2.350781 101296.765625
46.1682 8 ROTORCRAFT_STATUS 0 99 0 45 3 13 1 1 4 5 113 46
46.1779 8 IMU_ACCEL_RAW 667 350 -1958
46.2151 8 IMU_GYRO_RAW 235 -204 24
46.2170 8 VERT_LOOP -512 0 -550 -83068 292 -479 -127024 340 42257 20176 43059 65775 3766 -52 3714
46.2644 8 GPS 3 68105287 577979401 0 60200 38 0 0 113301500 32 0
46.2658 8 ENERGY 11.300000 3.842000 0 43.414600
46.2678 8 DL_VALUE 53 1.000000
46.3147 8 INS -675 -527 -555 0 0 -77901 252 7972 -2263
46.3166 8 HOVER_LOOP -284 -89 -675 -527 0 0 1246 -1179 391 438 0 0 4580180 6929780 374 447 0.141357
46.3635 8 ROTORCRAFT_FP -527 -675 557 0 0 68804 150 -15 503 -89 -284 512 579 3715 3
46.3655 8 IMU_MAG_RAW 283 427 215
46.3674 8 TUNE_VERT -512 -557 -488 -102228
46.3772 8 IMU_ACCEL_RAW -228 -60 -2241
46.4143 8 GPS_INT 384207808 79186240 501239136 521389500 116457416 106899 60300 0 0 0 4 0 113301750 163 8 3 0
46.4162 8 VIRT_BARO 2385 2.375684 2.375684 101296.460938
46.4651 8 IMU_GYRO_RAW 210 -2 55
46.4670 8 VERT_LOOP -512 0 -562 -55281 1628 -492 -87528 264 42296 19413 37031 74684 3796 -67 3729
46.4709 8 GEO_MAG 0.355609 -0.023019 0.934352 4
46.5144 8 GPS 3 68105287 577979401 0 60300 38 0 0 113301750 32 0
46.5158 8 ENERGY 11.300000 4.222000 0 47.708603
46.5647 8 INS -675 -527 -563 0 0 -37569 548 9139 -1693
46.5666 8 HOVER_LOOP -284 -89 -675 -527 0 0 2000 -3863 391 438 0 0 5360980 7805300 386 461 0.141357
46.5764 8 IMU_ACCEL_RAW -1202 576 -1841
46.6135 8 ROTORCRAFT_FP -527 -675 564 0 0 26727 133 -73 479 -89 -284 512 579 3758 3
46.6155 8 IMU_MAG_RAW 299 446 219
46.6174 8 TUNE_VERT -512 -564 -498 -68256
46.6643 8 GPS_INT 384207808 79186240 501239136 521389500 116457416 106899 60300 0 0 0 4 0 113302000 163 9 3 0
46.6662 8 VIRT_BARO 2420 2.410547 2.410547 101296.046875
46.7151 8 IMU_GYRO_RAW -67 -198 1
46.7170 8 VERT_LOOP -512 0 -565 -12261 -2593 -501 -57256 196 42252 18773 54909 83200 3823 -47 3776
46.7644 8 GPS 3 68105287 577979401 0 60300 20 0 0 113302000 32 0
46.7658 8 ENERGY 11.300000 3.962000 0 44.770599
46.7697 8 WP_MOVED_ENU 5 -3496 1134 -15152
46.7756 8 IMU_ACCEL_RAW 1386 -423 -1938
46.8147 8 INS -675 -527 -567 0 0 -15328 -1954 735 -148
46.8166 8 HOVER_LOOP -284 -89 -675 -527 0 0 2949 4241 391 438 0 0 6141780 8680820 398 474 0.141357
46.8635 8 ROTORCRAFT_FP -527 -675 567 0 0 15826 88 -96 516 -89 -284 512 579 3758 3
46.8655 8 IMU_MAG_RAW 298 420 219
46.8674 8 TUNE_VERT -512 -567 -505 -43052
46.8694 8 ALIVE 220,22,224,73,231,114,167,216,234,177,116,77,23,30,29,181
46.9143 8 GPS_INT 384207808 79186240 501239136 521389483 116457416 106899 60300 0 0 0 4 0 113302250 163 9 3 0
46.9162 8 VIRT_BARO 2415 2.405566 2.405566 101296.109375
46.9651 8 IMU_GYRO_RAW 93 -187 29
46.9670 8 VERT_LOOP -512 0 -566 1227 -340 -507 -35240 148 42301 18165 44953 91179 3840 -54 3786
46.9690 8 AUTOPILOT_VERSION 50700 "v5.7_devel-2399-gfc26e4ae2-dirty"
46.9748 8 IMU_ACCEL_RAW 489 -688 -1758
47.0144 8 GPS 3 68105288 577979382 0 60300 22 0 0 113302250 32 0
47.0158 8 ENERGY 11.300000 4.222000 0 47.708603
47.0647 8 INS -675 -527 -567 0 0 -9205 2810 6706 -2608
47.0666 8 HOVER_LOOP -284 -89 -675 -527 0 0 -522 1394 391 438 0 0 6922580 9556340 410 487 0.141357
47.0686 8 DATALINK_REPORT 1 5 0 28299 0 0
47.0686 8 ROTORCRAFT_NAV_STATUS 3 3 2.3 2.3 4 0 0
47.1135 8 ROTORCRAFT_FP -527 -675 567 0 0 3371 74 -81 527 -89 -284 512 579 3772 4
47.1155 8 IMU_MAG_RAW 289 412 215
47.1174 8 TUNE_VERT -512 -567 -509 -25512
47.1643 8 GPS_INT 384207808 79186248 501239136 521389483 116457433 106899 60300 0 0 0 4 0 113302500 163 9 3 0
47.1662 8 VIRT_BARO 2410 2.400586 2.400586 101296.164062
47.1682 8 ROTORCRAFT_STATUS 0 99 0 45 3 13 1 1 4 5 113 47
47.1740 8 IMU_ACCEL_RAW 629 -51 -1990
47.2151 8 IMU_GYRO_RAW -138 -121 29
47.2170 8 VERT_LOOP -512 0 -566 -10150 354 -510 -20244 88 42493 17245 42262 98575 3845 -85 3760
47.2644 8 GPS 3 68105299 577979382 0 60300 42 0 0 113302500 32 0
47.2658 8 ENERGY 11.300000 4.262000 0 48.160603
47.2678 8 DL_VALUE 54 5.000000
47.3147 8 INS -678 -506 -566 0 0 -8516 -3290 2440 1070
47.3166 8 HOVER_LOOP -284 -89 -678 -506 0 0 -1666 4510 394 417 0 0 7707060 10400580 424 483 0.141357
47.3635 8 ROTORCRAFT_FP -506 -678 566 0 0 3372 43 -55 547 -89 -284 512 579 3764 4
47.3655 8 IMU_MAG_RAW 295 433 222
47.3674 8 TUNE_VERT -512 -566 -511 -13936
47.3733 8 IMU_ACCEL_RAW -1282 172 -2471
47.4143 8 GPS_INT 384207808 79186264 501239136 521389483 116457450 106899 60300 0 0 0 4 0 113302750 163 9 3 0
47.4162 8 VIRT_BARO 2420 2.410547 2.410547 101296.046875
47.4651 8 IMU_GYRO_RAW 106 -426 -13
47.4670 8 VERT_LOOP -512 0 -566 7097 676 -512 -10368 68 42524 16640 40738 105594 3846 -76 3770
47.5144 8 GPS 3 68105311 577979383 0 60300 58 0 0 113302750 32 0
47.5159 8 ENERGY 11.300000 4.382000 0 49.516602
47.5647 8 INS -683 -465 -565 0 0 9400 3752 5524 -1043
47.5666 8 HOVER_LOOP -284 -89 -683 -465 0 0 -1518 -439 399 376 0 0 8500260 11174340 440 463 0.141357
47.5725 8 IMU_ACCEL_RAW -912 763 -2272
47.6135 8 ROTORCRAFT_FP -465 -683 565 0 0 -7726 10 -46 550 -89 -284 512 579 3767 4
47.6155 8 IMU_MAG_RAW 299 414 211
47.6174 8 TUNE_VERT -512 -565 -513 -6368
47.6643 8 GPS_INT 384207808 79186272 501239136 521389466 116457466 106800 60200 0 0 0 4 0 113303000 163 9 3 0
47.6662 8 VIRT_BARO 2380 2.370703 2.370703 101296.523438
47.7151 8 IMU_GYRO_RAW -116 118 5
47.7170 8 VERT_LOOP -512 0 -562 15828 188 -513 -4076 32 42582 16256 42724 112267 3854 -69 3785
47.7644 8 GPS 3 68105323 577979364 0 60200 58 0 0 113303000 32 0
47.7659 8 ENERGY 11.300000 4.342000 0 49.064602
47.7717 8 IMU_ACCEL_RAW 1489 -580 -1682
47.8147 8 INS -688 -445 -563 0 0 13303 -2217 3242 -404
47.8166 8 HOVER_LOOP -284 -89 -688 -445 0 0 736 -5395 404 356 0 0 9303700 11897120 456 459 0.141357
47.8635 8 ROTORCRAFT_FP -445 -688 562 0 0 -9174 -10 -51 547 -89 -284 512 579 3772 4
47.8655 8 IMU_MAG_RAW 306 418 210
47.8674 8 TUNE_VERT -512 -562 -513 -1768
47.9143 8 GPS_INT 384207808 79186288 501239136 521389466 116457483 106899 60300 0 0 0 4 0 113303250 144 9 3 0
47.9162 8 VIRT_BARO 2410 2.400586 2.400586 101296.164062
47.9651 8 IMU_GYRO_RAW 127 -132 -39
47.9670 8 VERT_LOOP -512 0 -562 11527 1384 -513 -748 20 42634 15996 37640 118579 3854 -81 3773
47.9709 8 IMU_ACCEL_RAW -95 108 -2302
48.0144 8 GPS 3 68105334 577979364 0 60300 64 0 0 113303250 32 0
48.0159 8 ENERGY 11.300000 4.222000 0 47.708603
48.0647 8 INS -693 -407 -563 0 0 19683 -333 7986 -1168
48.0666 8 HOVER_LOOP -284 -89 -693 -407 0 0 1476 -8677 409 318 0 0 10117220 12555400 473 439 0.141357
48.0686 8 ROTORCRAFT_NAV_STATUS 4 4 2.0 2.0 4 0 0
48.1135 8 ROTORCRAFT_FP -407 -693 562 0 0 -14231 -9 -169 517 -89 -284 512 579 3779 5
48.1155 8 IMU_MAG_RAW 311 430 211
48.1174 8 TUNE_VERT -512 -562 -513 480
48.1643 8 GPS_INT 384207808 79186304 501239136 521389466 116457500 106800 60200 0 0 0 4 0 113303500 144 9 3 0
48.1662 8 VIRT_BARO 2410 2.400586 2.400586 101296.164062
48.1682 8 ROTORCRAFT_STATUS 0 99 0 45 3 13 1 1 4 5 113 48
48.1701 8 IMU_ACCEL_RAW -158 444 -1791
48.2151 8 IMU_GYRO_RAW -110 -682 36
48.2170 8 VERT_LOOP -512 0 -562 19987 -966 -513 1092 12 42636 15740 47701 124872 3859 -74 3785
48.2644 8 GPS 3 68105346 577979365 0 60200 68 0 0 113303500 32 0
48.2658 8 ENERGY 11.200000 4.222000 0 47.286400
48.2678 8 DL_VALUE 55 0.000000
48.3147 8 INS -701 -366 -561 0 0 44060 156 5153 -93
48.3166 8 HOVER_LOOP -284 -89 -701 -366 0 0 456 -8040 417 277 0 0 10944900 13131400 492 416 0.141357
48.3635 8 ROTORCRAFT_FP -366 -701 560 0 0 -70562 -26 -123 578 -89 -284 512 579 3863 5
48.3655 8 IMU_MAG_RAW 292 422 221
48.3674 8 TUNE_VERT -512 -560 -513 2016
48.3694 8 IMU_ACCEL_RAW -1228 -173 -2198
48.4143 8 GPS_INT 384207776 79186320 501239136 521389466 116457533 106800 60200 0 0 0 4 0 113303750 144 9 3 0
48.4162 8 VIRT_BARO 2415 2.405566 2.405566 101296.109375
48.4651 8 IMU_GYRO_RAW 319 219 -193
48.4670 8 VERT_LOOP -512 0 -556 80825 89 -513 2052 0 42378 15486 41955 130871 3893 5 3898
48.5144 8 GPS 3 68105368 577979366 0 60200 96 0 0 113303750 32 0
48.5158 8 ENERGY 11.200000 4.602000 0 51.542400
48.5647 8 INS -645 -309 -553 0 0 85369 2792 6689 80
48.5666 8 HOVER_LOOP -284 -89 -645 -309 0 0 -1942 1271 361 220 0 0 11694340 13597960 460 378 0.141357
48.5686 8 IMU_ACCEL_RAW 273 623 -2647
48.6135 8 ROTORCRAFT_FP -309 -645 551 0 0 -85838 87 -388 438 -89 -284 512 579 3924 5
48.6155 8 IMU_MAG_RAW 293 462 202
48.6174 8 TUNE_VERT -512 -551 -513 2052
48.6643 8 GPS_INT 384207776 79186344 501239136 521389449 116457566 106800 60200 0 0 0 4 0 113304000 144 9 3 0
48.6662 8 VIRT_BARO 2395 2.376289 2.376289 101296.460938
48.7151 8 IMU_GYRO_RAW -139 -814 -67
48.7170 8 VERT_LOOP -512 0 -549 53354 132 -513 2052 0 42403 15288 42076 135852 3907 -23 3884
48.7644 8 GPS 3 68105392 577979348 0 60200 83 0 0 113304000 32 0
48.7658 8 ENERGY 11.200000 4.782000 0 53.558399
48.7678 8 IMU_ACCEL_RAW 429 -4 -2291
48.8147 8 INS -652 -248 -547 0 0 39349 845 -5613 883
48.8166 8 HOVER_LOOP -284 -89 -652 -248 0 0 3829 3812 368 159 0 0 12425760 13946420 476 336 0.141357
48.8635 8 ROTORCRAFT_FP -248 -652 547 0 0 -34240 -111 -437 572 -89 -284 512 579 3856 5
48.8655 8 IMU_MAG_RAW 316 474 197
48.8674 8 TUNE_VERT -512 -547 -512 2040
48.9143 8 GPS_INT 384207744 79186360 501239136 521389449 116457600 106700 60100 0 0 0 4 0 113304250 144 9 3 0
48.9162 8 VIRT_BARO 2360 2.341563 2.341563 101296.875000
48.9651 8 IMU_GYRO_RAW -366 -140 192
48.9670 8 VERT_LOOP -512 0 -546 17979 -3710 -512 2040 0 42530 15160 59119 140294 3893 -64 3829
48.9671 8 IMU_ACCEL_RAW -167 24 -2815
49.0144 8 GPS 3 68105415 577979349 0 60100 83 0 0 113304250 32 0
49.0158 8 ENERGY 11.200000 4.742000 0 53.110401
49.0647 8 INS -596 -192 -545 0 0 15810 5246 7023 -1201
49.0666 8 HOVER_LOOP -284 -89 -596 -192 0 0 -388 -11898 312 103 0 0 13076000 14179380 442 296 0.141357
49.0686 8 ROTORCRAFT_NAV_STATUS 5 5 1.3 1.3 4 0 0
49.1135 8 ROTORCRAFT_FP -192 -596 544 0 0 -21242 -294 -246 626 -89 -284 512 579 3830 6
49.1155 8 IMU_MAG_RAW 367 484 200
49.1174 8 TUNE_VERT -512 -544 -512 2040
49.1643 8 GPS_INT 384207744 79186392 501239136 521389449 116457649 106700 60100 0 0 0 4 0 113304500 144 9 3 0
49.1662 8 VIRT_BARO 2320 2.301875 2.301875 101297.351562
49.1663 8 IMU_ACCEL_RAW -1129 305 -1934
49.1682 8 ROTORCRAFT_STATUS 0 99 0 46 3 13 1 1 4 5 112 49
49.2151 8 IMU_GYRO_RAW -15 -181 -13
49.2170 8 VERT_LOOP -512 0 -541 51730 -37 -512 2040 0 42451 15034 42816 144409 3898 -19 3879
49.2644 8 GPS 3 68105448 577979350 0 60100 132 0 0 113304500 32 0
49.2659 8 ENERGY 11.200000 4.382000 0 49.078400
49.2678 8 DL_VALUE 57 1.169371
49.3147 8 INS -609 -112 -538 0 0 54677 3201 331 -1250
49.3166 8 HOVER_LOOP -284 -89 -609 -112 0 0 1167 -4870 325 23 0 0 13716880 14265740 462 234 0.141357
49.3635 8 ROTORCRAFT_FP -112 -609 537 0 0 -55687 -303 -127 527 -89 -284 512 579 3887 6
49.3655 8 IMU_MAG_RAW 332 431 200
49.3655 8 IMU_ACCEL_RAW -779 497 -1979
49.3674 8 TUNE_VERT -512 -537 -512 2040
49.4143 8 GPS_INT 384207712 79186416 501239136 521389466 116457700 106700 60100 0 0 0 4 0 113304750 144 9 3 0
49.4162 8 VIRT_BARO 2315 2.305957 2.305957 101297.304688
49.4651 8 IMU_GYRO_RAW -284 99 -120
49.4670 8 VERT_LOOP -512 0 -536 29809 -2252 -512 2040 0 42472 14907 52495 147654 3894 -42 3852
49.5144 8 GPS 3 68105483 577979370 0 60100 148 0 0 113304750 32 0
49.5158 8 ENERGY 11.200000 3.882000 0 43.478397
49.5647 8 INS -555 -35 -534 0 0 25858 2997 3839 -234
49.5647 8 IMU_ACCEL_RAW -880 664 -2041
49.5666 8 HOVER_LOOP -284 -89 -555 -35 0 0 -2935 -3707 271 -54 0 0 14288960 14201260 429 173 0.141357
49.6135 8 ROTORCRAFT_FP -35 -555 533 0 0 -24201 -356 -93 472 -89 -284 512 579 3850 6
49.6155 8 IMU_MAG_RAW 331 438 207
49.6174 8 TUNE_VERT -512 -533 -512 2040
49.6643 8 GPS_INT 384207712 79186456 501239136 521389483 116457749 106700 60100 0 0 0 4 0 113305000 144 9 3 0
49.6662 8 VIRT_BARO 2315 2.296914 2.296914 101297.414062
49.7151 8 IMU_GYRO_RAW -43 54 -34
49.7170 8 VERT_LOOP -512 0 -533 32384 -876 -512 2040 0 42430 14780 46487 150475 3909 -34 3875
49.7644 8 GPS 3 68105515 577979390 0 60100 156 0 0 113305000 32 0
49.7644 8 IMU_ACCEL_RAW -877 -690 -1443
49.7659 8 ENERGY 11.200000 4.242000 0 47.510399
49.8147 8 INS -573 64 -533 0 0 45335 -3416 870 1066
49.8166 8 HOVER_LOOP -284 -89 -573 64 0 0 2231 -7530 289 -153 0 0 14855720 13944880 451 92 0.141357
49.8635 8 ROTORCRAFT_FP 64 -573 534 0 0 -40275 -468 -226 498 -89 -284 512 579 3901 6
49.8655 8 IMU_MAG_RAW 369 457 187
49.8674 8 TUNE_VERT -512 -534 -511 1656
49.9143 8 GPS_INT 384207712 79186496 501239136 521389500 116457799 106700 60100 0 0 0 4 0 113305250 144 9 3 0
49.9162 8 VIRT_BARO 2350 2.322461 2.322461 101297.101562
49.9631 8 IMU_ACCEL_RAW -1051 464 -2071
49.9651 8 IMU_GYRO_RAW 101 116 142
49.9670 8 VERT_LOOP -512 0 -535 20975 -3261 -511 840 -16 42388 14652 56743 153293 3924 -52 3872
50.0144 8 GPS 3 68105549 577979410 0 60100 163 0 0 113305250 32 0
50.0159 8 ENERGY 11.200000 3.782000 0 42.358398
50.0647 8 INS -588 163 -537 0 0 14050 9 -1394 2784
50.0667 8 HOVER_LOOP -284 -89 -588 163 0 0 459 -3052 304 -252 0 0 15454520 13491380 472 8 0.141357
50.0686 8 ROTORCRAFT_NAV_STATUS 6 6 1.5 1.5 4 0 0
50.1135 8 ROTORCRAFT_FP 163 -588 537 0 0 -8693 -525 -175 531 -89 -284 512 579 3854 7
50.1155 8 IMU_MAG_RAW 380 418 206
50.1174 8 TUNE_VERT -512 -537 -511 -200
50.1623 8 IMU_ACCEL_RAW 868 -815 -1832
50.1643 8 GPS_INT 384207680 79186504 501239136 521389533 116457833 106700 60100 0 0 0 4 0 113305500 144 9 3 0
50.1662 8 VIRT_BARO 2395 2.366934 2.366934 101296.570312
50.1682 8 ROTORCRAFT_STATUS 0 99 0 45 3 13 1 1 4 5 112 50
50.2151 8 IMU_GYRO_RAW 24 0 -10
50.2170 8 VERT_LOOP -512 0 -540 -9239 3601 -511 -608 -8 42475 14524 27901 156627 3914 -93 3821
50.2644 8 GPS 3 68105571 577979448 0 60100 163 0 0 113305500 32 0
50.2659 8 ENERGY 11.200000 4.522000 0 50.646397
50.2678 8 DL_VALUE 58 0.850000
50.3147 8 INS -529 202 -544 0 0 444 2382 -8473 1729
50.3166 8 HOVER_LOOP -284 -89 -529 202 0 0 -731 -1586 245 -291 0 0 15975680 12929400 434 -31 0.141357
50.3616 8 IMU_ACCEL_RAW 178 210 -2442
50.3635 8 ROTORCRAFT_FP 202 -529 547 0 0 3219 -493 -188 549 -89 -284 512 579 3825 7
50.3655 8 IMU_MAG_RAW 383 447 198
50.3674 8 TUNE_VERT -512 -547 -511 -1224
50.4143 8 GPS_INT 384207616 79186528 501239200 521389566 116457866 106700 60100 0 0 0 4 0 113305750 144 9 3 0
50.4162 8 VIRT_BARO 2420 2.391641 2.391641 101296.273438
50.4651 8 IMU_GYRO_RAW -600 13 -132
50.4670 8 VERT_LOOP -512 0 -550 -23422 1045 -512 -1296 8 42524 14396 39374 161027 3896 -123 3773
50.5144 8 GPS 3 68105592 577979485 0 60100 191 0 0 113305750 32 0
50.5159 8 ENERGY 11.200000 3.742000 0 41.910400
50.5608 8 IMU_ACCEL_RAW -166 126 -1945
50.5647 8 INS -312 294 -551 0 0 -11673 1399 4504 -413
50.5666 8 HOVER_LOOP -284 -89 -312 294 0 0 -552 -4106 28 -383 0 0 16162040 12217560 267 -114 0.141357
50.6135 8 ROTORCRAFT_FP 294 -312 551 0 0 4807 -464 -34 510 -89 -284 512 579 3791 7
50.6155 8 IMU_MAG_RAW 385 432 207
50.6174 8 TUNE_VERT -512 -551 -512 -680
50.6643 8 GPS_INT 384207584 79186536 501239264 521389600 116457899 106700 60100 0 0 0 4 0 113306000 144 9 3 0
50.6662 8 VIRT_BARO 2445 2.425899 2.425899 101295.859375
50.7151 8 IMU_GYRO_RAW -191 -171 23
50.7170 8 VERT_LOOP -512 0 -556 -11701 2654 -512 -272 8 42556 14322 32344 166178 3895 -117 3778
50.7600 8 IMU_ACCEL_RAW -213 -96 -1797
50.7644 8 GPS 3 68105613 577979524 0 60100 219 0 0 113306000 32 0
50.7659 8 ENERGY 11.200000 4.382000 0 49.078400
50.8147 8 INS -151 330 -559 0 0 -8284 3080 3920 -338
50.8167 8 HOVER_LOOP -284 -89 -151 330 0 0 2475 -2035 -133 -419 0 0 15993300 11399720 140 -155 0.141357
50.8635 8 ROTORCRAFT_FP 330 -151 561 0 0 7654 -390 77 490 -89 -284 512 579 3765 7
50.8655 8 IMU_MAG_RAW 362 424 222
50.8674 8 TUNE_VERT -512 -561 -512 0
50.9143 8 GPS_INT 384207520 79186536 501239264 521389650 116457916 106700 60100 0 0 0 4 0 113306250 144 9 3 0
50.9162 8 VIRT_BARO 2445 2.425899 2.425899 101295.859375
50.9592 8 IMU_ACCEL_RAW -1549 -177 -1953
50.9651 8 IMU_GYRO_RAW -54 -447 64
50.9670 8 VERT_LOOP -512 0 -563 -1937 2099 -512 0 0 42563 14322 34726 172317 3889 -116 3773
51.0144 8 GPS 3 68105623 577979580 0 60100 231 0 0 113306250 32 0
51.0159 8 ENERGY 11.200000 4.242000 0 47.510399
51.0647 8 INS -25 363 -564 0 0 9411 -3840 3953 -1871
51.0666 8 HOVER_LOOP -284 -89 -25 363 0 0 4176 -2011 -259 -452 0 0 15548860 10513240 34 -194 0.141357
51.0686 8 ROTORCRAFT_NAV_STATUS 7 7 2.0 2.0 4 0 0
51.1135 8 ROTORCRAFT_FP 363 -25 563 0 0 -13744 -406 239 507 -89 -284 512 579 3800 8
51.1155 8 IMU_MAG_RAW 377 389 220
51.1174 8 TUNE_VERT -512 -563 -512 0
51.1584 8 IMU_ACCEL_RAW 800 -720 -2221
51.1643 8 GPS_INT 384207488 79186544 501239296 521389700 116457933 106700 60100 0 0 0 4 0 113306500 144 9 3 0
51.1662 8 VIRT_BARO 2440 2.420938 2.420938 101295.921875
51.1682 8 ROTORCRAFT_STATUS 0 99 0 45 3 13 1 1 4 5 112 51
51.2151 8 IMU_GYRO_RAW -249 374 -9
51.2170 8 VERT_LOOP -512 0 -563 28778 1504 -512 0 0 42490 14322 36932 178909 3907 -80 3827
51.2644 8 GPS 3 68105633 577979636 0 60100 237 0 0 113306500 32 0
51.2659 8 ENERGY 11.200000 4.542000 0 50.870396
51.2678 8 DL_VALUE 60 100.000000
51.3147 8 INS 87 401 -564 0 0 25285 2031 -6047 -32
51.3166 8 HOVER_LOOP -284 -89 87 401 0 0 -3992 5175 -371 -490 0 0 14870840 9554220 -64 -238 0.141357
51.3577 8 IMU_ACCEL_RAW -1807 -134 -2196
51.3635 8 ROTORCRAFT_FP 401 87 565 0 0 -17879 -400 278 536 -89 -284 512 579 3801 8
51.3655 8 IMU_MAG_RAW 390 380 225
51.3674 8 TUNE_VERT -512 -565 -512 0
51.4143 8 GPS_INT 384207424 79186544 501239360 521389766 116457949 106700 60100 0 0 0 4 0 113306750 144 9 3 0
51.4162 8 VIRT_BARO 2460 2.440781 2.440781 101295.687500
51.4651 8 IMU_GYRO_RAW -224 -332 -15
51.4670 8 VERT_LOOP -512 0 -569 15554 2727 -512 0 0 42557 14322 31905 185715 3905 -106 3799
51.4709 8 GEO_MAG 0.355609 -0.023019 0.934352 4
51.5144 8 GPS 3 68105641 577979710 0 60100 237 0 0 113306750 32 0
51.5159 8 ENERGY 11.200000 3.962000 0 44.374397
51.5569 8 IMU_ACCEL_RAW 103 -507 -1751
51.5647 8 INS 312 435 -567 0 0 34626 -32 -4765 -1537
51.5666 8 HOVER_LOOP -284 -89 312 435 0 0 1786 7883 -596 -524 0 0 13811640 8525140 -256 -280 0.141357
51.6135 8 ROTORCRAFT_FP 435 312 567 0 0 -34355 -401 352 526 -89 -284 512 579 3823 8
51.6155 8 IMU_MAG_RAW 377 396 228
51.6174 8 TUNE_VERT -512 -566 -512 0
51.6643 8 GPS_INT 384207360 79186544 501239392 521389816 116457966 106700 60100 0 0 0 4 0 113307000 232 9 3 0
51.6662 8 VIRT_BARO 2465 2.436113 2.436113 101295.742188
51.7151 8 IMU_GYRO_RAW -246 286 -12
51.7170 8 VERT_LOOP -512 0 -566 38189 -1892 -512 0 0 42505 14322 51508 192784 3907 -77 3830
51.7561 8 IMU_ACCEL_RAW -640 247 -2065
51.7644 8 GPS 3 68105650 577979766 0 60100 247 0 0 113307000 32 0
51.7659 8 ENERGY 11.200000 5.042000 0 56.470398
51.7698 8 WP_MOVED_ENU 1 -89 -284 512
51.8147 8 INS 488 468 -564 0 0 33160 -2816 -2258 -1433
51.8166 8 HOVER_LOOP -284 -89 488 468 0 0 1824 4003 -772 -557 0 0 12370280 7428740 -416 -323 0.141357
51.8635 8 ROTORCRAFT_FP 468 488 562 0 0 -24531 -382 546 381 -89 -284 512 579 3828 8
51.8655 8 IMU_MAG_RAW 361 379 227
51.8674 8 TUNE_VERT -512 -562 -512 0
51.8694 8 ALIVE 220,22,224,73,231,114,167,216,234,177,116,77,23,30,29,181
51.9143 8 GPS_INT 384207360 79186536 501239392 521389883 116457966 106700 60100 0 0 0 4 0 113307250 232 9 3 0
51.9163 8 VIRT_BARO 2420 2.382188 2.382188 101296.382812
51.9553 8 IMU_ACCEL_RAW -1082 -13 -2230
51.9651 8 IMU_GYRO_RAW -349 217 -179
51.9670 8 VERT_LOOP -512 0 -563 28692 637 -512 0 0 42582 14322 40767 199361 3928 -86 3842
51.9690 8 AUTOPILOT_VERSION 50700 "v5.7_devel-2399-gfc26e4ae2-dirty"
52.0144 8 GPS 3 68105648 577979840 0 60100 241 0 0 113307250 32 0
52.0159 8 ENERGY 11.200000 4.562000 0 51.094398
52.0647 8 INS 494 448 -560 0 0 46845 -3949 -1665 1092
52.0666 8 HOVER_LOOP -284 -89 494 448 0 0 -3244 2937 -778 -537 0 0 10816920 6341060 -443 -324 0.141357
52.0686 8 ROTORCRAFT_NAV_STATUS 8 8 3.7 3.7 4 0 0
52.1135 8 ROTORCRAFT_FP 448 494 558 0 0 -53765 -192 770 260 -89 -284 512 579 3895 9
52.1155 8 IMU_MAG_RAW 310 339 254
52.1174 8 TUNE_VERT -512 -558 -512 0
52.1545 8 IMU_ACCEL_RAW 494 -532 -1877
52.1643 8 GPS_INT 384207264 79186512 501239456 521389933 116457949 106700 60100 0 0 0 4 0 113307500 232 9 3 0
52.1662 8 VIRT_BARO 2380 2.324219 2.324219 101297.085938
52.1682 8 DATALINK_REPORT 1 10 0 0 0 0
52.1682 8 ROTORCRAFT_STATUS 0 99 0 45 3 13 1 1 4 5 112 52
52.2151 8 IMU_GYRO_RAW -372 77 145
52.2170 8 VERT_LOOP -512 0 -552 64372 279 -512 0 0 42471 14322 41625 205273 3975 -32 3943
52.2644 8 GPS 3 68105634 577979895 0 60100 247 0 0 113307500 32 0
52.2659 8 ENERGY 11.200000 4.602000 0 51.542400
52.2678 8 DL_VALUE 61 20.000000
52.3147 8 INS 793 437 -548 0 0 68533 -5466 -733 1355
52.3166 8 HOVER_LOOP -284 -89 793 437 0 0 1648 1493 -1077 -526 0 0 8834560 5282240 -708 -331 0.141357
52.3538 8 IMU_ACCEL_RAW -438 248 -2306
52.3635 8 ROTORCRAFT_FP 437 793 545 0 0 -75026 -256 1020 345 -89 -284 512 579 3998 9
52.3655 8 IMU_MAG_RAW 355 282 250
52.3674 8 TUNE_VERT -512 -545 -512 0
52.4143 8 GPS_INT 384207264 79186496 501239488 521389983 116457933 106700 60100 0 0 0 4 0 113307750 232 9 3 0
52.4162 8 VIRT_BARO 2400 2.315625 2.315625 101297.187500
52.4651 8 IMU_GYRO_RAW -112 256 172
52.4670 8 VERT_LOOP -512 0 -541 84716 1553 -512 0 0 42373 14322 35804 209701 4036 5 4041
52.5144 8 GPS 3 68105621 577979951 0 60100 190 0 0 113307750 32 0
52.5159 8 ENERGY 11.200000 5.422000 0 60.726398
52.5530 8 IMU_ACCEL_RAW -1258 153 -2375
52.5647 8 INS 849 396 -537 0 0 92863 -1671 6856 -2196
52.5666 8 HOVER_LOOP -284 -89 849 396 0 0 -1593 -4344 -1133 -485 0 0 6599840 4287680 -786 -314 0.141357
52.6135 8 ROTORCRAFT_FP 396 849 534 0 0 -87687 -168 1139 374 -89 -284 512 579 4065 9
52.6155 8 IMU_MAG_RAW 327 289 256
52.6174 8 TUNE_VERT -512 -534 -512 0
52.6643 8 GPS_INT 384207200 79186472 501239488 521390033 116457916 106600 60000 0 0 0 4 0 113308000 232 9 3 0
52.6662 8 VIRT_BARO 2400 2.296875 2.296875 101297.414062
52.7151 8 IMU_GYRO_RAW 195 24 -113
52.7170 8 VERT_LOOP -512 0 -531 79705 99 -512 0 0 42304 14322 41805 212725 4062 9 4071
52.7522 8 IMU_ACCEL_RAW -636 -444 -1962
52.7644 8 GPS 3 68105607 577980006 0 60000 190 0 0 113308000 32 0
52.7659 8 ENERGY 11.200000 5.042000 0 56.470398
52.8147 8 INS 988 368 -529 0 0 63236 -506 1603 -1449
52.8166 8 HOVER_LOOP -284 -89 988 368 0 0 -4344 -1515 -1272 -457 0 0 4137280 3355240 -931 -307 0.141357
52.8635 8 ROTORCRAFT_FP 368 988 528 0 0 -57869 -124 1184 293 -89 -284 512 579 4045 9
52.8655 8 IMU_MAG_RAW 319 236 261
52.8674 8 TUNE_VERT -512 -528 -512 0
52.9143 8 GPS_INT 384207200 79186464 501239488 521390050 116457899 106600 60000 0 0 0 4 0 113308250 232 9 3 0
52.9163 8 VIRT_BARO 2380 2.268437 2.268437 101297.757812
52.9514 8 IMU_ACCEL_RAW -906 -1040 -2072
52.9651 8 IMU_GYRO_RAW 67 -385 198
52.9670 8 VERT_LOOP -512 0 -525 56777 1074 -512 0 0 42319 14322 37940 214813 4034 -13 4021
53.0144 8 GPS 3 68105595 577980024 0 60000 127 0 0 113308250 32 0
53.0159 8 ENERGY 11.200000 5.342000 0 59.830399
53.0647 8 INS 990 348 -524 0 0 50163 -3144 3663 573
53.0666 8 HOVER_LOOP -284 -89 990 348 0 0 -5169 -76 -1274 -437 0 0 1589120 2466920 -972 -305 0.141357
53.0686 8 ROTORCRAFT_NAV_STATUS 9 9 5.3 5.3 4 0 0
53.1135 8 ROTORCRAFT_FP 348 990 523 0 0 -46674 -262 960 415 -89 -284 512 579 3985 10
53.1155 8 IMU_MAG_RAW 353 296 248
53.1174 8 TUNE_VERT -512 -523 -512 0
53.1506 8 IMU_ACCEL_RAW -212 -465 -1828
53.1643 8 GPS_INT 384207168 79186416 501239488 521390066 116457850 106600 60000 0 0 0 4 0 113308500 232 9 3 0
53.1663 8 VIRT_BARO 2305 2.232969 2.232969 101298.179688
53.1682 8 ROTORCRAFT_STATUS 0 99 0 45 3 13 1 1 4 5 112 53
53.2151 8 IMU_GYRO_RAW 93 80 -146
53.2170 8 VERT_LOOP -512 0 -521 27065 -3187 -512 0 0 42390 14322 56412 216247 3972 -44 3928
53.2644 8 GPS 3 68105561 577980041 0 60000 106 0 0 113308500 32 0
53.2659 8 ENERGY 11.200000 4.462000 0 49.974400
53.2678 8 DL_VALUE 62 0.000000
53.3147 8 INS 1072 245 -520 0 0 14013 -6721 1035 -1514
53.3166 8 HOVER_LOOP -284 -89 1072 245 0 0 4660 2684 -1356 -334 0 0 -1078400 1740440 -1077 -235 0.141357
53.3498 8 IMU_ACCEL_RAW 346 -869 -1955
53.3635 8 ROTORCRAFT_FP 245 1072 519 0 0 -12092 9 977 389 -89 -284 512 579 3929 10
53.3655 8 IMU_MAG_RAW 325 286 264
53.3674 8 TUNE_VERT -512 -519 -512 0
53.4143 8 GPS_INT 384207168 79186392 501239488 521390083 116457816 106600 60000 0 0 0 4 0 113308750 232 9 3 0
53.4162 8 VIRT_BARO 2280 2.217656 2.217656 101298.359375
53.4651 8 IMU_GYRO_RAW -103 12 80
53.4670 8 VERT_LOOP -512 0 -517 9470 2411 -512 0 0 42476 14322 32802 217174 3979 -62 3917
53.5144 8 GPS 3 68105537 577980059 0 60000 128 0 0 113308750 32 0
53.5159 8 ENERGY 11.200000 3.962000 0 44.374397
53.5491 8 IMU_ACCEL_RAW -529 151 -2132
53.5647 8 INS 1082 184 -517 0 0 6763 -4939 4635 1836
53.5667 8 HOVER_LOOP -284 -89 1082 184 0 0 -692 1172 -1366 -273 0 0 -3806400 1156880 -1127 -197 0.141357
53.6135 8 ROTORCRAFT_FP 184 1082 517 0 0 -1685 117 856 503 -89 -284 512 579 3889 10
53.6155 8 IMU_MAG_RAW 307 279 244
53.6174 8 TUNE_VERT -512 -517 -512 0
53.6643 8 GPS_INT 384207168 79186360 501239488 521390066 116457766 106600 60000 0 0 0 4 0 113309000 232 9 3 0
53.6663 8 VIRT_BARO 2265 2.211914 2.211914 101298.429688
53.7151 8 IMU_GYRO_RAW 143 105 130
53.7170 8 VERT_LOOP -512 0 -516 -5656 885 -512 0 0 42591 14322 39619 217768 3942 -79 3863
53.7483 8 IMU_ACCEL_RAW 333 349 -2379
53.7644 8 GPS 3 68105503 577980039 0 60000 141 0 0 113309000 32 0
53.7659 8 ENERGY 11.200000 4.602000 0 51.542400
53.8147 8 INS 1095 104 -517 0 0 -21072 -4256 4972 1857
53.8166 8 HOVER_LOOP -284 -89 1095 104 0 0 2031 -433 -1379 -193 0 0 -6559280 727480 -1179 -140 0.141357
53.8635 8 ROTORCRAFT_FP 104 1095 516 0 0 20124 89 758 566 -89 -284 512 579 3832 10
53.8655 8 IMU_MAG_RAW 303 295 248
53.8674 8 TUNE_VERT -512 -516 -512 0
53.9143 8 GPS_INT 384207232 79186328 501239488 521390050 116457716 106600 60000 0 0 0 4 0 113309250 232 9 3 0
53.9163 8 VIRT_BARO 2245 2.201152 2.201152 101298.562500
53.9475 8 IMU_ACCEL_RAW 1931 296 -2100
53.9651 8 IMU_GYRO_RAW 27 460 74
53.9670 8 VERT_LOOP -512 0 -517 -34858 -170 -512 0 0 42764 14322 44809 218359 3910 -116 3794
54.0144 8 GPS 3 68105470 577980020 0 60000 141 0 0 113309250 32 0
54.0159 8 ENERGY 11.200000 4.302000 0 48.182400
54.0647 8 INS 983 -7 -517 0 0 -31796 -3821 2727 315
54.0667 8 HOVER_LOOP -284 -89 983 -7 0 0 -490 5090 -1267 -82 0 0 -9158800 497440 -1130 -58 0.141357
54.0686 8 ROTORCRAFT_NAV_STATUS 10 10 5.0 5.0 4 0 0
54.1135 8 ROTORCRAFT_FP -7 983 518 0 0 25335 90 709 517 -89 -284 512 579 3796 11
54.1155 8 IMU_MAG_RAW 303 303 238
54.1174 8 TUNE_VERT -512 -518 -512 0
54.1467 8 IMU_ACCEL_RAW -459 103 -2013
54.1643 8 GPS_INT 384207264 79186304 501239488 521390016 116457666 106600 60000 0 0 0 4 0 113309500 144 9 3 0
54.1663 8 VIRT_BARO 2205 2.170547 2.170547 101298.929688
54.1682 8 ROTORCRAFT_STATUS 0 99 0 46 3 13 1 1 4 5 112 54
54.2151 8 IMU_GYRO_RAW 39 128 131
54.2170 8 VERT_LOOP -512 0 -516 -24053 752 -512 0 0 42870 14322 40699 218952 3902 -102 3800
54.2644 8 GPS 3 68105437 577979981 0 60000 189 0 0 113309500 32 0
54.2659 8 ENERGY 11.200000 3.702000 0 41.462399
54.2678 8 DL_VALUE 64 -284.000000
54.3147 8 INS 929 -84 -518 0 0 -15584 3849 -6466 -1588
54.3167 8 HOVER_LOOP -284 -89 929 -84 0 0 -292 7487 -1213 -5 0 0 -11620120 437180 -1126 2 0.141357
54.3459 8 IMU_ACCEL_RAW -376 -499 -1727
54.3635 8 ROTORCRAFT_FP -84 929 515 0 0 9040 54 730 500 -89 -284 512 579 3817 11
54.3655 8 IMU_MAG_RAW 268 320 235
54.3674 8 TUNE_VERT -512 -515 -512 0
54.4143 8 GPS_INT 384207328 79186296 501239488 521389983 116457633 106600 60000 0 0 0 4 0 113309750 144 9 3 0
54.4163 8 VIRT_BARO 2210 2.166836 2.166836 101298.976562
54.4651 8 IMU_GYRO_RAW 162 449 27
54.4670 8 VERT_LOOP -512 0 -514 -2322 569 -512 0 0 42889 14322 41236 219489 3895 -73 3822
54.5144 8 GPS 3 68105416 577979943 0 60000 201 0 0 113309750 32 0
54.5159 8 ENERGY 11.200000 4.022000 0 45.046398
54.5452 8 IMU_ACCEL_RAW 1279 797 -2004
54.5647 8 INS 806 -138 -513 0 0 -6331 -1824 1159 -1799
54.5667 8 HOVER_LOOP -284 -89 806 -138 0 0 -3520 4070 -1090 49 0 0 -13862680 507580 -1064 45 0.141357
54.6135 8 ROTORCRAFT_FP -138 806 513 0 0 -550 -92 703 490 -89 -284 512 579 3826 11
54.6155 8 IMU_MAG_RAW 309 295 242
54.6174 8 TUNE_VERT -512 -513 -512 0
54.6643 8 GPS_INT 384207328 79186272 501239456 521389950 116457600 106600 60000 0 0 0 4 0 113310000 144 9 3 0
54.6663 8 VIRT_BARO 2210 2.175469 2.175469 101298.867188
54.7151 8 IMU_GYRO_RAW -135 195 62
54.7170 8 VERT_LOOP -512 0 -512 5722 1304 -512 0 0 42907 14322 37937 219598 3897 -62 3835
54.7444 8 IMU_ACCEL_RAW 526 691 -2057
54.7644 8 GPS 3 68105395 577979906 0 60000 224 0 0 113310000 32 0
54.7659 8 ENERGY 11.200000 4.322000 0 48.406399
54.8147 8 INS 765 -197 -511 0 0 10008 -2629 -1792 -413
54.8167 8 HOVER_LOOP -284 -89 765 -197 0 0 385 2701 -1049 108 0 0 -15986840 686740 -1064 94 0.141357
54.8635 8 ROTORCRAFT_FP -197 765 510 0 0 -14078 -209 696 517 -89 -284 512 579 3851 11
54.8655 8 IMU_MAG_RAW 361 323 247
54.8674 8 TUNE_VERT -512 -510 -512 0
54.9143 8 GPS_INT 384207360 79186256 501239392 521389916 116457566 106600 60000 0 0 0 4 0 113310250 144 9 3 0
54.9163 8 VIRT_BARO 2220 2.185313 2.185313 101298.750000
54.9436 8 IMU_ACCEL_RAW 1283 328 -1828
54.9651 8 IMU_GYRO_RAW -20 22 -117
54.9670 8 VERT_LOOP -512 0 -510 -844 295 -512 0 0 42958 14322 42417 219399 3877 -67 3810
55.0144 8 GPS 3 68105373 577979867 0 60000 231 0 0 113310250 32 0
55.0159 8 ENERGY 11.200000 4.162000 0 46.614403
55.0647 8 INS 606 -256 -510 0 0 -11253 4104 -972 -292
55.0667 8 HOVER_LOOP -284 -89 606 -256 0 0 -1508 2844 -890 167 0 0 -17862840 984580 -969 145 0.141357
55.0686 8 ROTORCRAFT_NAV_STATUS 11 11 3.5 3.5 4 0 0
55.1135 8 ROTORCRAFT_FP -256 606 510 0 0 9350 -202 528 495 -89 -284 512 579 3786 12
55.1155 8 IMU_MAG_RAW 338 317 245
55.1174 8 TUNE_VERT -512 -510 -512 0
55.1428 8 IMU_ACCEL_RAW -378 1146 -1437
55.1643 8 GPS_INT 384207392 79186232 501239392 521389866 116457516 106600 60000 0 0 0 4 0 113310500 144 9 3 0
55.1663 8 VIRT_BARO 2195 2.169277 2.169277 101298.945312
55.1682 8 ROTORCRAFT_STATUS 0 99 0 44 3 13 1 1 4 5 112 55
55.2151 8 IMU_GYRO_RAW -42 69 108
55.2170 8 VERT_LOOP -512 0 -509 1999 -3043 -512 0 0 43001 14322 56819 219094 3869 -62 3807
55.2644 8 GPS 3 68105341 577979810 0 60000 231 0 0 113310500 32 0
55.2659 8 ENERGY 11.200000 3.962000 0 44.374397
55.2678 8 DL_VALUE 65 -89.000000
55.3147 8 INS 552 -332 -506 0 0 14552 -5720 1993 1636
55.3167 8 HOVER_LOOP -284 -89 552 -332 0 0 2437 -3155 -836 243 0 0 -19565640 1428300 -953 210 0.141357
55.3420 8 IMU_ACCEL_RAW 303 -400 -2753
55.3635 8 ROTORCRAFT_FP -332 552 507 0 0 -6640 -153 561 549 -89 -284 512 579 3817 12
55.3655 8 IMU_MAG_RAW 322 330 244
55.3674 8 TUNE_VERT -512 -507 -512 0
55.4143 8 GPS_INT 384207456 79186216 501239360 521389816 116457483 106600 60000 0 0 0 4 0 113310750 232 9 3 0
55.4163 8 VIRT_BARO 2220 2.193984 2.193984 101298.648438
55.4651 8 IMU_GYRO_RAW 255 -124 3
55.4670 8 VERT_LOOP -512 0 -506 7492 846 -512 0 0 42972 14322 39872 218448 3863 -51 3812
55.5144 8 GPS 3 68105320 577979754 0 60000 265 0 0 113310750 32 0
55.5159 8 ENERGY 11.200000 3.622000 0 40.566399
55.5413 8 IMU_ACCEL_RAW 511 424 -2212
55.5647 8 INS 384 -404 -507 0 0 2938 -1842 699 -145
55.5667 8 HOVER_LOOP -284 -89 384 -404 0 0 53 3407 -668 315 0 0 -20997000 2017020 -843 276 0.141357
55.6135 8 ROTORCRAFT_FP -404 384 507 0 0 -8072 -169 490 520 -89 -284 512 579 3810 12
55.6155 8 IMU_MAG_RAW 342 320 233
55.6174 8 TUNE_VERT -512 -507 -512 0
55.6643 8 GPS_INT 384207488 79186184 501239360 521389766 116457433 106500 59900 0 0 0 4 0 113311000 232 9 3 0
55.6663 8 VIRT_BARO 2220 2.193984 2.193984 101298.648438
55.7151 8 IMU_GYRO_RAW 244 -127 -70
55.7170 8 VERT_LOOP -512 0 -507 22552 888 -512 0 0 42889 14322 39471 217827 3861 -35 3826
55.7405 8 IMU_ACCEL_RAW -317 490 -2231
55.7644 8 GPS 3 68105288 577979697 0 59900 277 0 0 113311000 32 0
55.7659 8 ENERGY 11.200000 4.122000 0 46.166401
55.8147 8 INS 332 -501 -507 0 0 18711 -1191 -1378 767
55.8167 8 HOVER_LOOP -284 -89 332 -501 0 0 -275 2402 -616 412 0 0 -22258920 2786280 -822 363 0.141357
55.8635 8 ROTORCRAFT_FP -501 332 507 0 0 -22982 -72 433 534 -89 -284 512 579 3831 12
55.8655 8 IMU_MAG_RAW 303 333 243
55.8674 8 TUNE_VERT -512 -507 -512 0
55.9143 8 GPS_INT 384207520 79186176 501239360 521389716 116457400 106500 59900 0 0 0 4 0 113311250 232 9 3 0
55.9163 8 VIRT_BARO 2220 2.202656 2.202656 101298.539062
55.9397 8 IMU_ACCEL_RAW 1198 849 -2447
55.9651 8 IMU_GYRO_RAW 115 203 79
55.9670 8 VERT_LOOP -512 0 -508 20695 -582 -512 0 0 42837 14322 45771 217229 3859 -38 3821
56.0144 8 GPS 3 68105267 577979640 0 59900 279 0 0 113311250 32 0
56.0159 8 ENERGY 11.200000 3.582000 0 40.118401
56.0647 8 INS 273 -537 -508 0 0 30207 -1037 -746 1254
56.0667 8 HOVER_LOOP -284 -89 273 -537 0 0 -1369 2598 -557 448 0 0 -23406360 3662560 -794 405 0.141357
56.0686 8 ROTORCRAFT_NAV_STATUS 12 12 2.8 2.8 4 0 0
56.1135 8 ROTORCRAFT_FP -537 273 507 0 0 -37392 43 380 528 -89 -284 512 579 3855 13
56.1155 8 IMU_MAG_RAW 303 333 244
56.1174 8 TUNE_VERT -512 -507 -512 0
56.1389 8 IMU_ACCEL_RAW -601 -361 -1678
56.1643 8 GPS_INT 384207616 79186136 501239264 521389666 116457333 106500 59900 0 0 0 4 0 113311500 232 9 3 0
56.1663 8 VIRT_BARO 2235 2.217539 2.217539 101298.367188
56.1682 8 ROTORCRAFT_STATUS 0 99 0 46 3 13 1 1 4 5 112 56
56.2151 8 IMU_GYRO_RAW 399 388 64
56.2170 8 VERT_LOOP -512 0 -506 62061 2725 -512 0 0 42596 14322 30926 216682 3880 15 3895
56.2644 8 GPS 3 68105223 577979583 0 59900 308 0 0 113311500 32 0
56.2659 8 ENERGY 11.200000 3.542000 0 39.670399
56.2678 8 DL_VALUE 67 0.000000
56.3147 8 INS -51 -688 -505 0 0 62961 3608 421 -1348
56.3167 8 HOVER_LOOP -284 -89 -51 -688 0 0 -133 1607 -233 599 0 0 -24046880 4778520 -550 539 0.141357
56.3381 8 IMU_ACCEL_RAW -110 1074 -2146
56.3635 8 ROTORCRAFT_FP -688 -51 506 0 0 -55760 170 243 547 -89 -284 512 579 3890 13
56.3655 8 IMU_MAG_RAW 284 364 233
56.3674 8 TUNE_VERT -512 -506 -512 0
56.4143 8 GPS_INT 384207616 79186112 501239264 521389616 116457283 106500 59900 0 0 0 4 0 113311750 232 9 3 0
56.4163 8 VIRT_BARO 2220 2.211328 2.211328 101298.437500
56.4651 8 IMU_GYRO_RAW 189 4 -72
56.4670 8 VERT_LOOP -512 0 -503 59594 -454 -512 0 0 42487 14322 44175 215870 3890 16 3906
56.4710 8 GEO_MAG 0.355609 -0.023019 0.934352 4
56.5144 8 GPS 3 68105191 577979526 0 59900 308 0 0 113311750 32 0
56.5159 8 ENERGY 11.200000 4.462000 0 49.974400
56.5374 8 IMU_ACCEL_RAW -88 213 -1860
56.5647 8 INS -40 -747 -502 0 0 54850 -2445 2078 -991
56.5667 8 HOVER_LOOP -284 -89 -40 -747 0 0 3881 2645 -244 658 0 0 -24530400 6062400 -566 606 0.141357
56.6135 8 ROTORCRAFT_FP -747 -40 501 0 0 -65469 338 153 528 -89 -284 512 579 3449 13
56.6155 8 IMU_MAG_RAW 263 374 241
56.6174 8 TUNE_VERT -512 -501 -512 0
56.6643 8 GPS_INT 384207712 79186088 501239136 521389566 116457216 106500 59900 0 0 0 4 0 113312000 232 9 3 0
56.6663 8 VIRT_BARO 2185 2.167930 2.167930 101298.960938
56.7151 8 IMU_GYRO_RAW 976 -140 -149
56.7171 8 VERT_LOOP -512 0 -498 181977 4115 -512 0 0 43635 14322 106296 214457 3794 172 3966
56.7366 8 IMU_ACCEL_RAW -1096 -828 -684
56.7644 8 GPS 3 68105147 577979469 0 59900 302 0 0 113312000 32 0
56.7659 8 ENERGY 11.300000 2.082000 0 23.526600
56.7698 8 WP_MOVED_ENU 3 -1251 2979 -15152
56.8147 8 INS -422 -857 -483 0 0 418360 3581 -3202 3116
56.8167 8 HOVER_LOOP -284 -89 -422 -857 0 0 -6175 -4275 138 768 0 0 -24477000 7534760 -267 714 0.141357
56.8635 8 ROTORCRAFT_FP -857 -422 474 0 0 -542558 286 -452 402 -89 -284 512 579 0 13
56.8655 8 IMU_MAG_RAW 284 497 241
56.8674 8 TUNE_VERT -512 -473 -512 0
56.8694 8 ALIVE 220,22,224,73,231,114,167,216,234,177,116,77,23,30,29,181
56.9143 8 GPS_INT 384207840 79186072 501239136 521389500 116457166 106399 59800 0 0 0 4 0 113312250 232 9 3 0
56.9163 8 VIRT_BARO 2060 2.035859 2.035859 101300.546875
56.9358 8 IMU_ACCEL_RAW 614 86 -596
56.9651 8 IMU_GYRO_RAW -428 454 233
56.9670 8 VERT_LOOP -512 0 -441 855379 9428 -512 0 0 43635 14322 106296 209772 3809 1062 4871
56.9690 8 AUTOPILOT_VERSION 50700 "v5.7_devel-2399-gfc26e4ae2-dirty"
57.0144 8 GPS 3 68105116 577979394 0 59800 290 0 0 113312250 32 0
57.0159 8 ENERGY 11.500000 -2.517000 0 -28.945499
57.0647 8 INS -670 -965 -396 0 0 1178361 8919 2761 -870
57.0667 8 HOVER_LOOP -284 -89 -670 -965 0 0 3274 -858 386 876 0 0 -23834480 9230360 -63 824 0.141357
57.0686 8 ROTORCRAFT_NAV_STATUS 13 13 3.7 3.7 4 0 0
57.1135 8 ROTORCRAFT_FP -965 -670 366 0 0 -1318598 515 -335 442 -89 -284 512 579 0 14
57.1155 8 IMU_MAG_RAW 247 467 240
57.1174 8 TUNE_VERT -512 -370 -512 0
57.1350 8 IMU_ACCEL_RAW -226 889 -960
57.1643 8 GPS_INT 384207840 79186040 501239104 521389466 116457116 106300 59700 0 0 0 4 0 113312500 232 9 3 0
57.1663 8 VIRT_BARO 1770 1.749258 1.749258 101303.992188
57.1682 8 ROTORCRAFT_STATUS 0 82 0 45 3 13 1 1 4 5 115 57
57.2151 8 IMU_GYRO_RAW 170 351 -285
57.2170 8 VERT_LOOP -512 0 -305 1648452 9545 -512 0 0 43635 14322 106296 192542 3826 2195 6021
